{
  "camera_angle_x": 0.7104371564290063,
  "camera_angle_y": 1.1667702306467798,
  "fl_x": 409.75456575518086,
  "fl_y": 409.0801348766634,
  "k1": 0.0659485781389659,
  "k2": -0.08675741701750939,
  "p1": 0.002376162546381616,
  "p2": -0.002694079447528083,
  "cx": 150.42010749716172,
  "cy": 272.19048896739463,
  "w": 304.0,
  "h": 540.0,
  "aabb_scale": 16,
  "frames": [
    {
      "file_path": "images/0337.jpg",
      "sharpness": 430.6252669587733,
      "transform_matrix": [
        [
          -0.9554116337678557,
          -0.04238870380766619,
          0.2922187671765986,
          1.335265979819632
        ],
        [
          0.2950364432660267,
          -0.17699655940828515,
          0.9389492611971298,
          3.713745312629912
        ],
        [
          0.01192087426147658,
          0.9832982333888376,
          0.18161078440163,
          0.7736481669705126
        ],
        [
          0.0,
          0.0,
          0.0,
          1.0
        ]
      ]
    },
    {
      "file_path": "images/0333.jpg",
      "sharpness": 433.00047849243265,
      "transform_matrix": [
        [
          -0.9557537576286527,
          -0.05591859856900011,
          0.28880419864063245,
          1.4529664831643399
        ],
        [
          0.2941326611317974,
          -0.1968545093106272,
          0.9352723024978733,
          3.66047660729873
        ],
        [
          0.004553292374167596,
          0.9788367650105497,
          0.20459192318363725,
          0.7766241522648927
        ],
        [
          0.0,
          0.0,
          0.0,
          1.0
        ]
      ]
    },
    {
      "file_path": "images/0326.jpg",
      "sharpness": 436.02093079194714,
      "transform_matrix": [
        [
          -0.9516039250458808,
          -0.050771236357335055,
          0.30310435733537294,
          1.647844446856835
        ],
        [
          0.30690608843403,
          -0.208600839734219,
          0.9285980521971686,
          3.5663168247813797
        ],
        [
          0.016081752278196245,
          0.9766821239578956,
          0.21408737941433892,
          0.7861164870255687
        ],
        [
          0.0,
          0.0,
          0.0,
          1.0
        ]
      ]
    },
    {
      "file_path": "images/0336.jpg",
      "sharpness": 464.4731237816764,
      "transform_matrix": [
        [
          -0.9554557146259604,
          -0.04663043172904592,
          0.29142748714736244,
          1.3677540168439262
        ],
        [
          0.29498730208734986,
          -0.18206742066486767,
          0.9379946406775163,
          3.6996064608712325
        ],
        [
          0.009320355841440331,
          0.9821797479115536,
          0.18771274277237612,
          0.7741126029845881
        ],
        [
          0.0,
          0.0,
          0.0,
          1.0
        ]
      ]
    },
    {
      "file_path": "images/0334.jpg",
      "sharpness": 556.5790430611113,
      "transform_matrix": [
        [
          -0.955385191137416,
          -0.05349174903506656,
          0.2904785179323256,
          1.4259984806692836
        ],
        [
          0.2953167470389557,
          -0.19034965911183252,
          0.9362451741901863,
          3.6786418882797918
        ],
        [
          0.005211094974654856,
          0.9802579456956462,
          0.19765425477196016,
          0.7795737974881135
        ],
        [
          0.0,
          0.0,
          0.0,
          1.0
        ]
      ]
    },
    {
      "file_path": "images/0332.jpg",
      "sharpness": 603.5625832119982,
      "transform_matrix": [
        [
          -0.9558329084600391,
          -0.05827379628501205,
          0.28807571194223197,
          1.4823499583224657
        ],
        [
          0.293884482625991,
          -0.20256732788448553,
          0.9341297493097342,
          3.647949597994897
        ],
        [
          0.003919440481513913,
          0.9775329367230272,
          0.21074628264267936,
          0.7815879432861575
        ],
        [
          0.0,
          0.0,
          0.0,
          1.0
        ]
      ]
    },
    {
      "file_path": "images/0331.jpg",
      "sharpness": 638.1912104151704,
      "transform_matrix": [
        [
          -0.9555122074331788,
          -0.0598009274376904,
          0.2888256750419426,
          1.507200689374875
        ],
        [
          0.29493836023646985,
          -0.20298315188302987,
          0.933707236617949,
          3.6403572303970373
        ],
        [
          0.002790187159720925,
          0.9773544337482125,
          0.21159046700659068,
          0.7817496171938583
        ],
        [
          0.0,
          0.0,
          0.0,
          1.0
        ]
      ]
    },
    {
      "file_path": "images/0327.jpg",
      "sharpness": 341.7262598798429,
      "transform_matrix": [
        [
          -0.9526770662676814,
          -0.062355170399402644,
          0.29752015086668215,
          1.6199204265224263
        ],
        [
          0.3039324160475678,
          -0.2134545852079186,
          0.928473061822085,
          3.5779071539662817
        ],
        [
          0.005611944413073813,
          0.9749610109209833,
          0.222305045609813,
          0.7867967683274714
        ],
        [
          0.0,
          0.0,
          0.0,
          1.0
        ]
      ]
    },
    {
      "file_path": "images/0328.jpg",
      "sharpness": 641.9344597212471,
      "transform_matrix": [
        [
          -0.953663038819214,
          -0.07174563055032143,
          0.2921974895968598,
          1.5832747599440813
        ],
        [
          0.3008494679877913,
          -0.214311553186589,
          0.9292793744522088,
          3.5858691480694205
        ],
        [
          -0.004050436844756691,
          0.9741268514446955,
          0.225965641847501,
          0.7777266378592858
        ],
        [
          0.0,
          0.0,
          0.0,
          1.0
        ]
      ]
    },
    {
      "file_path": "images/0329.jpg",
      "sharpness": 469.02815136791844,
      "transform_matrix": [
        [
          -0.9542469944825447,
          -0.07029855928312352,
          0.2906385833357567,
          1.5567607899966769
        ],
        [
          0.29897510870288324,
          -0.2075557720472061,
          0.931415313308763,
          3.6067296025250477
        ],
        [
          -0.005153439068885838,
          0.9756939653859649,
          0.21907699106687853,
          0.7670431465707646
        ],
        [
          0.0,
          0.0,
          0.0,
          1.0
        ]
      ]
    },
    {
      "file_path": "images/0330.jpg",
      "sharpness": 628.2866471400922,
      "transform_matrix": [
        [
          -0.9547606147342173,
          -0.0646513994030927,
          0.29026257965371616,
          1.532300860132896
        ],
        [
          0.2973718890986222,
          -0.2027804728463585,
          0.9329791205628334,
          3.6284548926922477
        ],
        [
          -0.0014588226064695346,
          0.9770876503290248,
          0.2128323176842517,
          0.775563023610768
        ],
        [
          0.0,
          0.0,
          0.0,
          1.0
        ]
      ]
    },
    {
      "file_path": "images/0325.jpg",
      "sharpness": 994.3026066233521,
      "transform_matrix": [
        [
          -0.9505106247165275,
          -0.04269688875761497,
          0.30774425751114254,
          1.6734020794347588
        ],
        [
          0.30974376113867846,
          -0.2075555651327298,
          0.9278898047818891,
          3.5457291111314246
        ],
        [
          0.02425602550998021,
          0.9772909818016616,
          0.21050886479040645,
          0.7795820363149152
        ],
        [
          0.0,
          0.0,
          0.0,
          1.0
        ]
      ]
    },
    {
      "file_path": "images/0323.jpg",
      "sharpness": 686.3976355949029,
      "transform_matrix": [
        [
          -0.9479537130894177,
          -0.04116073458443606,
          0.3157365227656184,
          1.7221823217138472
        ],
        [
          0.31709000913750673,
          -0.21217064396619628,
          0.9243579090072304,
          3.4993844150636977
        ],
        [
          0.02894277080515793,
          0.9763654089557688,
          0.21417960746181397,
          0.7714476338536328
        ],
        [
          0.0,
          0.0,
          0.0,
          1.0
        ]
      ]
    },
    {
      "file_path": "images/0318.jpg",
      "sharpness": 539.2167722528926,
      "transform_matrix": [
        [
          -0.9249761047287507,
          -0.07056638836024283,
          0.37341610912531203,
          1.83402840980079
        ],
        [
          0.3797648746538961,
          -0.20800890035924532,
          0.9013938857960607,
          3.3648497288194372
        ],
        [
          0.014065763224950954,
          0.9755781271856725,
          0.21920189803361131,
          0.7686353668813527
        ],
        [
          0.0,
          0.0,
          0.0,
          1.0
        ]
      ]
    },
    {
      "file_path": "images/0322.jpg",
      "sharpness": 469.8439767791799,
      "transform_matrix": [
        [
          -0.9459828285478243,
          -0.048330347157697406,
          0.32059423836984746,
          1.7440287065773195
        ],
        [
          0.3232463347129545,
          -0.21704183317363795,
          0.9210888392263482,
          3.4708832223313393
        ],
        [
          0.025065817837808122,
          0.9749651379583175,
          0.22094045483293331,
          0.7687465600938348
        ],
        [
          0.0,
          0.0,
          0.0,
          1.0
        ]
      ]
    },
    {
      "file_path": "images/0324.jpg",
      "sharpness": 873.4394871765728,
      "transform_matrix": [
        [
          -0.9491762003792001,
          -0.038325237642293807,
          0.31240313191937585,
          1.7027097844977521
        ],
        [
          0.31331693080520473,
          -0.20950315493161933,
          0.9262510075268899,
          3.5244081591437544
        ],
        [
          0.02995065176774594,
          0.9770566023886911,
          0.2108633543959128,
          0.7752633777867715
        ],
        [
          0.0,
          0.0,
          0.0,
          1.0
        ]
      ]
    },
    {
      "file_path": "images/0321.jpg",
      "sharpness": 645.3769500227501,
      "transform_matrix": [
        [
          -0.9429609187998952,
          -0.05516457547729144,
          0.32830104365983337,
          1.7616440338050476
        ],
        [
          0.3321354570973845,
          -0.22284309979811434,
          0.9165298636766579,
          3.4465170413084367
        ],
        [
          0.02259964139413072,
          0.9732922595615913,
          0.22845444562558004,
          0.7762895337633623
        ],
        [
          0.0,
          0.0,
          0.0,
          1.0
        ]
      ]
    },
    {
      "file_path": "images/0319.jpg",
      "sharpness": 470.70997386181585,
      "transform_matrix": [
        [
          -0.929814705722741,
          -0.0629287206540633,
          0.3626080379393753,
          1.8077661737323518
        ],
        [
          0.36742429993851017,
          -0.2151384751417321,
          0.9048286137874177,
          3.399146126821533
        ],
        [
          0.021071233279580832,
          0.9745539557502154,
          0.22316045908589413,
          0.7858084144023715
        ],
        [
          0.0,
          0.0,
          0.0,
          1.0
        ]
      ]
    },
    {
      "file_path": "images/0320.jpg",
      "sharpness": 330.0995939026763,
      "transform_matrix": [
        [
          -0.9371649752385854,
          -0.058713359387695896,
          0.34391067249380436,
          1.7831077488717981
        ],
        [
          0.34809100904986395,
          -0.223882982888074,
          0.9103345865075432,
          3.4244450261356296
        ],
        [
          0.02354694546428953,
          0.9728459032345556,
          0.23025288262861296,
          0.7916793807541925
        ],
        [
          0.0,
          0.0,
          0.0,
          1.0
        ]
      ]
    },
    {
      "file_path": "images/0317.jpg",
      "sharpness": 403.48355700788835,
      "transform_matrix": [
        [
          -0.9218292753394933,
          -0.08097157111506238,
          0.3790440499966871,
          1.8537062775532118
        ],
        [
          0.3875723794163951,
          -0.20339874976124392,
          0.8991199026320964,
          3.3442994189662936
        ],
        [
          0.004293934736821854,
          0.9757420526475045,
          0.21888126657951504,
          0.7760990506342715
        ],
        [
          0.0,
          0.0,
          0.0,
          1.0
        ]
      ]
    },
    {
      "file_path": "images/0313.jpg",
      "sharpness": 311.39899679331387,
      "transform_matrix": [
        [
          -0.8847068934402967,
          -0.09887329593043317,
          0.45554119911457025,
          1.935044033454461
        ],
        [
          0.4661416103185896,
          -0.19266060898048493,
          0.863477787135798,
          3.258543887263741
        ],
        [
          0.0023899500602801503,
          0.9762714587333409,
          0.21653712624195917,
          0.7777760963422273
        ],
        [
          0.0,
          0.0,
          0.0,
          1.0
        ]
      ]
    },
    {
      "file_path": "images/0306.jpg",
      "sharpness": 722.6607537182323,
      "transform_matrix": [
        [
          -0.8518395384203049,
          -0.1051498882784292,
          0.5131402360160269,
          2.123270365902873
        ],
        [
          0.5234437612012108,
          -0.2071508125477253,
          0.8264957166981695,
          3.0983095564077416
        ],
        [
          0.019391484568238724,
          0.972641784982434,
          0.23149930555439358,
          0.7783292761985373
        ],
        [
          0.0,
          0.0,
          0.0,
          1.0
        ]
      ]
    },
    {
      "file_path": "images/0311.jpg",
      "sharpness": 844.2891911836105,
      "transform_matrix": [
        [
          -0.8709519434933046,
          -0.10273364162845039,
          0.48050859622140063,
          1.9989166369866989
        ],
        [
          0.49134698352912615,
          -0.19117615875847468,
          0.8497233773995257,
          3.216146794137825
        ],
        [
          0.004566610738954954,
          0.976164676291012,
          0.2169831119413794,
          0.7843570062233874
        ],
        [
          0.0,
          0.0,
          0.0,
          1.0
        ]
      ]
    },
    {
      "file_path": "images/0312.jpg",
      "sharpness": 889.7369496702629,
      "transform_matrix": [
        [
          -0.8771237199687448,
          -0.10218503230602755,
          0.46926772644245945,
          1.9683493312282898
        ],
        [
          0.48024483136450774,
          -0.1954570400518116,
          0.8550797901026161,
          3.2305417365144407
        ],
        [
          0.0043453248264193525,
          0.9753741665150653,
          0.22051383967210988,
          0.7810087046222366
        ],
        [
          0.0,
          0.0,
          0.0,
          1.0
        ]
      ]
    },
    {
      "file_path": "images/0307.jpg",
      "sharpness": 643.5066943270873,
      "transform_matrix": [
        [
          -0.8535022801861687,
          -0.10412296267439304,
          0.5105803231623658,
          2.0995181528579967
        ],
        [
          0.5208727572704621,
          -0.198706460658234,
          0.8301851078080225,
          3.1280047814891807
        ],
        [
          0.015014275904199459,
          0.9745122632243728,
          0.22383123192290638,
          0.7813136470549481
        ],
        [
          0.0,
          0.0,
          0.0,
          1.0
        ]
      ]
    },
    {
      "file_path": "images/0314.jpg",
      "sharpness": 274.51860983634657,
      "transform_matrix": [
        [
          -0.893868260593974,
          -0.08899083025165996,
          0.43940888119551175,
          1.9116093168723685
        ],
        [
          0.4483178768064499,
          -0.18454515543474326,
          0.8746165828186641,
          3.299430284628451
        ],
        [
          0.0032579244227297585,
          0.9787868602382344,
          0.204855237163166,
          0.7772772568683598
        ],
        [
          0.0,
          0.0,
          0.0,
          1.0
        ]
      ]
    },
    {
      "file_path": "images/0308.jpg",
      "sharpness": 1450.2656891753952,
      "transform_matrix": [
        [
          -0.8555223662870238,
          -0.1032052685241576,
          0.507375751658646,
          2.078786291326796
        ],
        [
          0.5176141422481284,
          -0.19420016914097485,
          0.8332838016248876,
          3.1524014759622236
        ],
        [
          0.012533178286610937,
          0.9755177942470604,
          0.2195630947794467,
          0.7837138755142234
        ],
        [
          0.0,
          0.0,
          0.0,
          1.0
        ]
      ]
    },
    {
      "file_path": "images/0310.jpg",
      "sharpness": 1068.829662657027,
      "transform_matrix": [
        [
          -0.8654019797283699,
          -0.10377901074715883,
          0.49021355596334537,
          2.0246072337135863
        ],
        [
          0.5010501211576365,
          -0.18959071940985275,
          0.8443957219228708,
          3.1978233806959433
        ],
        [
          0.005309388039264195,
          0.9763632910347684,
          0.21607066982389594,
          0.7819637358736908
        ],
        [
          0.0,
          0.0,
          0.0,
          1.0
        ]
      ]
    },
    {
      "file_path": "images/0315.jpg",
      "sharpness": 302.95932507808527,
      "transform_matrix": [
        [
          -0.904636583645562,
          -0.08287972044947407,
          0.41804736993308694,
          1.8971205528196695
        ],
        [
          0.4261769546454859,
          -0.18149049250002738,
          0.8862473720475964,
          3.339390120464593
        ],
        [
          0.0024196886131113435,
          0.9798939499296331,
          0.19950436596240134,
          0.7822426459545916
        ],
        [
          0.0,
          0.0,
          0.0,
          1.0
        ]
      ]
    },
    {
      "file_path": "images/0309.jpg",
      "sharpness": 1218.6646339311296,
      "transform_matrix": [
        [
          -0.8597440304165039,
          -0.104585076523132,
          0.4999021543977422,
          2.050640804591722
        ],
        [
          0.510656503715114,
          -0.19208303052105274,
          0.8380537241724889,
          3.173055082776322
        ],
        [
          0.008374807907646078,
          0.975789972890021,
          0.21854928835286647,
          0.7817508515337123
        ],
        [
          0.0,
          0.0,
          0.0,
          1.0
        ]
      ]
    },
    {
      "file_path": "images/0316.jpg",
      "sharpness": 308.00990962226115,
      "transform_matrix": [
        [
          -0.9151376769233514,
          -0.08515786722291867,
          0.3940446294076899,
          1.874130266700703
        ],
        [
          0.40314140656902453,
          -0.19283325721603453,
          0.8945905997835418,
          3.3444746822974425
        ],
        [
          -0.0001965181380679414,
          0.9775292694337643,
          0.21079964141491056,
          0.7933137737901118
        ],
        [
          0.0,
          0.0,
          0.0,
          1.0
        ]
      ]
    },
    {
      "file_path": "images/0304.jpg",
      "sharpness": 939.5087760597753,
      "transform_matrix": [
        [
          -0.8480735371530433,
          -0.09167787327543442,
          0.5218873855268847,
          2.1856100405771612
        ],
        [
          0.5285227217596948,
          -0.2167682453668075,
          0.8207772294504726,
          3.0596050974045528
        ],
        [
          0.037881502010810836,
          0.9719087896454576,
          0.2322892516993603,
          0.7731509410678779
        ],
        [
          0.0,
          0.0,
          0.0,
          1.0
        ]
      ]
    },
    {
      "file_path": "images/0302.jpg",
      "sharpness": 1506.9335473734022,
      "transform_matrix": [
        [
          -0.8450608166671686,
          -0.07886665469554562,
          0.528821583287426,
          2.2432652911063755
        ],
        [
          0.532005149190739,
          -0.22265879892022006,
          0.816941601644829,
          3.0283294382459696
        ],
        [
          0.05331732737451868,
          0.9717011423674738,
          0.23011769285113026,
          0.7700042415249442
        ],
        [
          0.0,
          0.0,
          0.0,
          1.0
        ]
      ]
    },
    {
      "file_path": "images/0305.jpg",
      "sharpness": 1225.4701144630446,
      "transform_matrix": [
        [
          -0.8498335461772564,
          -0.100282904906643,
          0.517422731250708,
          2.1540923536554706
        ],
        [
          0.5263077502911733,
          -0.2135963171558144,
          0.8230290184926596,
          3.0761172529635514
        ],
        [
          0.027983849010946922,
          0.9717612630264784,
          0.2343009857330066,
          0.7752299242655261
        ],
        [
          0.0,
          0.0,
          0.0,
          1.0
        ]
      ]
    },
    {
      "file_path": "images/0303.jpg",
      "sharpness": 1168.5578822819398,
      "transform_matrix": [
        [
          -0.8469880857186868,
          -0.08440991177858577,
          0.5248677447546136,
          2.21456198114635
        ],
        [
          0.5296179010891614,
          -0.21941407028742949,
          0.8193670390038202,
          3.042960991711368
        ],
        [
          0.04600066876259991,
          0.9719734731931746,
          0.2305461036797911,
          0.7697965471621901
        ],
        [
          0.0,
          0.0,
          0.0,
          1.0
        ]
      ]
    },
    {
      "file_path": "images/0301.jpg",
      "sharpness": 1324.721927504544,
      "transform_matrix": [
        [
          -0.8420116200290252,
          -0.07562908529849127,
          0.5341317002693982,
          2.2694160202947167
        ],
        [
          0.5362940621284203,
          -0.2244542407176974,
          0.8136393382511161,
          3.0120007191602456
        ],
        [
          0.058353326312418824,
          0.9715454365692016,
          0.22955250821887788,
          0.7671568770956985
        ],
        [
          0.0,
          0.0,
          0.0,
          1.0
        ]
      ]
    },
    {
      "file_path": "images/0298.jpg",
      "sharpness": 730.9485453976341,
      "transform_matrix": [
        [
          -0.8349757275342541,
          -0.09188413188152893,
          0.5425613705164504,
          2.3499594397610712
        ],
        [
          0.5481328542427253,
          -0.22602481608353217,
          0.8052721009784227,
          2.948251214782179
        ],
        [
          0.048640606058192634,
          0.9697783710005226,
          0.2390899467179807,
          0.7565076771652468
        ],
        [
          0.0,
          0.0,
          0.0,
          1.0
        ]
      ]
    },
    {
      "file_path": "images/0300.jpg",
      "sharpness": 685.2010152041977,
      "transform_matrix": [
        [
          -0.839249940621476,
          -0.07706132541476003,
          0.5382574563643661,
          2.2955621805982407
        ],
        [
          0.5404980770845719,
          -0.2262629721968764,
          0.8103498602952859,
          2.990215094657621
        ],
        [
          0.0593410976001117,
          0.9710131922768132,
          0.23154268418533352,
          0.7634937689930771
        ],
        [
          0.0,
          0.0,
          0.0,
          1.0
        ]
      ]
    },
    {
      "file_path": "images/0299.jpg",
      "sharpness": 487.9625315237888,
      "transform_matrix": [
        [
          -0.8377236955656746,
          -0.08553940825832333,
          0.5393533346168101,
          2.3198334997590657
        ],
        [
          0.5434931321841965,
          -0.2268790110118453,
          0.808171472913374,
          2.968301174179621
        ],
        [
          0.05323744157953528,
          0.9701592261246276,
          0.2365520044706273,
          0.7601811262041649
        ],
        [
          0.0,
          0.0,
          0.0,
          1.0
        ]
      ]
    },
    {
      "file_path": "images/0297.jpg",
      "sharpness": 388.5867283932435,
      "transform_matrix": [
        [
          -0.8304735803621691,
          -0.09154982407362522,
          0.5494836322150064,
          2.3886229163341524
        ],
        [
          0.5550130006088214,
          -0.22042723701187833,
          0.8021049821180363,
          2.9407114266507657
        ],
        [
          0.04768858883092045,
          0.9710975558269841,
          0.23387033929490753,
          0.762353883389293
        ],
        [
          0.0,
          0.0,
          0.0,
          1.0
        ]
      ]
    },
    {
      "file_path": "images/0296.jpg",
      "sharpness": 468.75298942751033,
      "transform_matrix": [
        [
          -0.8232114978894167,
          -0.08747696341744673,
          0.5609550879113173,
          2.4261492679948597
        ],
        [
          0.5657622655346228,
          -0.20869313204095072,
          0.7977219036331792,
          2.9431374243627997
        ],
        [
          0.047285184449104185,
          0.974061064588947,
          0.22128975083180882,
          0.7624544807248036
        ],
        [
          0.0,
          0.0,
          0.0,
          1.0
        ]
      ]
    },
    {
      "file_path": "images/0291.jpg",
      "sharpness": 591.0467312235304,
      "transform_matrix": [
        [
          -0.7997349246753802,
          -0.10779350811674043,
          0.5905968251709605,
          2.560042341189459
        ],
        [
          0.600070803774159,
          -0.17369867288175828,
          0.7808609360808267,
          2.8574472741313968
        ],
        [
          0.018414145088901643,
          0.9788816734853515,
          0.20359663213055526,
          0.7570818011888534
        ],
        [
          0.0,
          0.0,
          0.0,
          1.0
        ]
      ]
    },
    {
      "file_path": "images/0294.jpg",
      "sharpness": 915.3503900036668,
      "transform_matrix": [
        [
          -0.8094456967344537,
          -0.09867953639167107,
          0.5788436863050925,
          2.4688645984926683
        ],
        [
          0.58619990174856,
          -0.19315710014974763,
          0.7868036666486711,
          2.9082982322495057
        ],
        [
          0.03416634683052406,
          0.9761929541834758,
          0.21419611804731006,
          0.7489554207687099
        ],
        [
          0.0,
          0.0,
          0.0,
          1.0
        ]
      ]
    },
    {
      "file_path": "images/0295.jpg",
      "sharpness": 927.3230716394158,
      "transform_matrix": [
        [
          -0.8155485147784342,
          -0.08977626616127819,
          0.5716824661615029,
          2.449547523606068
        ],
        [
          0.5771580884694688,
          -0.1979914173703042,
          0.7922675934064453,
          2.933519627780839
        ],
        [
          0.04206139542445458,
          0.9760838184909958,
          0.21328670454279813,
          0.7536596543759178
        ],
        [
          0.0,
          0.0,
          0.0,
          1.0
        ]
      ]
    },
    {
      "file_path": "images/0292.jpg",
      "sharpness": 830.0568478796835,
      "transform_matrix": [
        [
          -0.8013937327373537,
          -0.10670158020185255,
          0.5885429958392049,
          2.530023716428048
        ],
        [
          0.5977205872269261,
          -0.17957830091154375,
          0.7813333049645942,
          2.8737751971314864
        ],
        [
          0.022320052902136088,
          0.9779398788588934,
          0.20769065606242607,
          0.753888647577186
        ],
        [
          0.0,
          0.0,
          0.0,
          1.0
        ]
      ]
    },
    {
      "file_path": "images/0293.jpg",
      "sharpness": 700.1428469857711,
      "transform_matrix": [
        [
          -0.8042366191047136,
          -0.10441343658320391,
          0.5850652055895765,
          2.500759079264573
        ],
        [
          0.593663002920763,
          -0.18703768682128527,
          0.7826756305595048,
          2.8889875895349
        ],
        [
          0.027707390376450102,
          0.9767879698315878,
          0.21240895120157818,
          0.7522034030569879
        ],
        [
          0.0,
          0.0,
          0.0,
          1.0
        ]
      ]
    },
    {
      "file_path": "images/0290.jpg",
      "sharpness": 778.0333006998355,
      "transform_matrix": [
        [
          -0.7990889089119366,
          -0.1073963467960099,
          0.5915428474662421,
          2.589402631651093
        ],
        [
          0.6010207726670866,
          -0.1675684399090985,
          0.7814696723284678,
          2.845170763260082
        ],
        [
          0.015196924149351752,
          0.9799932870585737,
          0.19844951714799722,
          0.7607178195816653
        ],
        [
          0.0,
          0.0,
          0.0,
          1.0
        ]
      ]
    },
    {
      "file_path": "images/0289.jpg",
      "sharpness": 865.0971685589498,
      "transform_matrix": [
        [
          -0.7993080871997253,
          -0.10855373293242893,
          0.5910352517770993,
          2.6154598069129693
        ],
        [
          0.600799349383941,
          -0.16418771336712876,
          0.7823570390551752,
          2.828371749711168
        ],
        [
          0.012112949433245866,
          0.980437903125088,
          0.19645557923217788,
          0.7638100505952765
        ],
        [
          0.0,
          0.0,
          0.0,
          1.0
        ]
      ]
    },
    {
      "file_path": "images/0288.jpg",
      "sharpness": 978.0183698111999,
      "transform_matrix": [
        [
          -0.7989993490707591,
          -0.11068245534308613,
          0.5910578942061404,
          2.6392802412262437
        ],
        [
          0.6012517371310758,
          -0.1630937318559146,
          0.7822383161327809,
          2.8119332644400736
        ],
        [
          0.009817780215960501,
          0.9803824910447764,
          0.19685980413535994,
          0.7687871752399424
        ],
        [
          0.0,
          0.0,
          0.0,
          1.0
        ]
      ]
    },
    {
      "file_path": "images/0286.jpg",
      "sharpness": 882.9606084444255,
      "transform_matrix": [
        [
          -0.7968912148002826,
          -0.11487590253850427,
          0.5931002603521279,
          2.676338476283201
        ],
        [
          0.6040720209623113,
          -0.1642510739825811,
          0.779819580535236,
          2.776327929296807
        ],
        [
          0.007834876611002505,
          0.9797066457619542,
          0.20028355648453391,
          0.7721972185184088
        ],
        [
          0.0,
          0.0,
          0.0,
          1.0
        ]
      ]
    },
    {
      "file_path": "images/0287.jpg",
      "sharpness": 1098.6689300833066,
      "transform_matrix": [
        [
          -0.7980916033409189,
          -0.11221393950652594,
          0.5919947841804144,
          2.6610128735560914
        ],
        [
          0.602479735356598,
          -0.1620620677734181,
          0.7815075525378636,
          2.7977640478905847
        ],
        [
          0.008243857610979434,
          0.9803794765334833,
          0.19694700008724497,
          0.7719051332744159
        ],
        [
          0.0,
          0.0,
          0.0,
          1.0
        ]
      ]
    },
    {
      "file_path": "images/0280.jpg",
      "sharpness": 1163.7384485206853,
      "transform_matrix": [
        [
          -0.7736544764263668,
          -0.10706615170734986,
          0.6244962692472159,
          2.799733894891692
        ],
        [
          0.6329084442016335,
          -0.1768803337888463,
          0.7537507869163973,
          2.6518429969278254
        ],
        [
          0.029759912452811454,
          0.9783916325867472,
          0.2046073335312857,
          0.7819054413202855
        ],
        [
          0.0,
          0.0,
          0.0,
          1.0
        ]
      ]
    },
    {
      "file_path": "images/0281.jpg",
      "sharpness": 1082.2010161422832,
      "transform_matrix": [
        [
          -0.7789729957548638,
          -0.10983653451156068,
          0.6173629464187592,
          2.779027878150089
        ],
        [
          0.626560739584526,
          -0.1755186890397402,
          0.7593515848466615,
          2.6747043193441797
        ],
        [
          0.0249541884617134,
          0.9783297631794277,
          0.2055435793092176,
          0.7806569849741097
        ],
        [
          0.0,
          0.0,
          0.0,
          1.0
        ]
      ]
    },
    {
      "file_path": "images/0285.jpg",
      "sharpness": 1539.123220043452,
      "transform_matrix": [
        [
          -0.794291346347762,
          -0.11372541761417423,
          0.59679794448809,
          2.702029179101773
        ],
        [
          0.6074095128037306,
          -0.16877925831410862,
          0.7762520503796096,
          2.7521400411836288
        ],
        [
          0.012447525830804319,
          0.9790710349050097,
          0.2031378048283164,
          0.7744064151242439
        ],
        [
          0.0,
          0.0,
          0.0,
          1.0
        ]
      ]
    },
    {
      "file_path": "images/0279.jpg",
      "sharpness": 652.0881336722064,
      "transform_matrix": [
        [
          -0.767834332835997,
          -0.10023619952800758,
          0.632758359614592,
          2.820502493662387
        ],
        [
          0.6394785716798108,
          -0.17957805269778407,
          0.7475418913691024,
          2.625723823408703
        ],
        [
          0.0386987558690151,
          0.9786237414511534,
          0.20198509598997325,
          0.7823878045487563
        ],
        [
          0.0,
          0.0,
          0.0,
          1.0
        ]
      ]
    },
    {
      "file_path": "images/0284.jpg",
      "sharpness": 1589.3106629384301,
      "transform_matrix": [
        [
          -0.7915941872642603,
          -0.11177737366959999,
          0.6007365990720306,
          2.7234940875330658
        ],
        [
          0.6108342951885566,
          -0.1707023348795468,
          0.7731378768940532,
          2.7340686164041474
        ],
        [
          0.01612781874548613,
          0.9789619663912984,
          0.2034044293065845,
          0.775762569417653
        ],
        [
          0.0,
          0.0,
          0.0,
          1.0
        ]
      ]
    },
    {
      "file_path": "images/0282.jpg",
      "sharpness": 1331.7672008801483,
      "transform_matrix": [
        [
          -0.7840128481231162,
          -0.11073425621941156,
          0.6107878342903379,
          2.75972271858307
        ],
        [
          0.6203649524459283,
          -0.1741819156846202,
          0.7647273932750618,
          2.6966105836907657
        ],
        [
          0.021706675948628122,
          0.9784674674134247,
          0.2052565114011301,
          0.7783118539959115
        ],
        [
          0.0,
          0.0,
          0.0,
          1.0
        ]
      ]
    },
    {
      "file_path": "images/0283.jpg",
      "sharpness": 1336.94627699415,
      "transform_matrix": [
        [
          -0.7884686807349394,
          -0.1107306428732378,
          0.6050255071223459,
          2.742149847573235
        ],
        [
          0.6147802293364495,
          -0.1723234432303803,
          0.7696427096583989,
          2.7166445330878686
        ],
        [
          0.019037046606354392,
          0.9787968919446991,
          0.20394664796374182,
          0.7768580393137272
        ],
        [
          0.0,
          0.0,
          0.0,
          1.0
        ]
      ]
    },
    {
      "file_path": "images/0277.jpg",
      "sharpness": 895.8608813956274,
      "transform_matrix": [
        [
          -0.7575521348320983,
          -0.09232221657729008,
          0.6462131005924086,
          2.8540348518663614
        ],
        [
          0.6508753410148013,
          -0.18229135508711086,
          0.7369743227002178,
          2.5732389281171573
        ],
        [
          0.04975995874980256,
          0.9789006436943061,
          0.1981854594056629,
          0.7797041391934305
        ],
        [
          0.0,
          0.0,
          0.0,
          1.0
        ]
      ]
    },
    {
      "file_path": "images/0278.jpg",
      "sharpness": 1138.627172671719,
      "transform_matrix": [
        [
          -0.7613347870641184,
          -0.09284859700011212,
          0.6416763047524916,
          2.8463344358667366
        ],
        [
          0.6466723158333774,
          -0.18008436565434494,
          0.7412047876138164,
          2.6027695375997313
        ],
        [
          0.04673604567706767,
          0.979259291158568,
          0.19714710942297006,
          0.7826779595334287
        ],
        [
          0.0,
          0.0,
          0.0,
          1.0
        ]
      ]
    },
    {
      "file_path": "images/0276.jpg",
      "sharpness": 747.2185273620516,
      "transform_matrix": [
        [
          -0.7530083968424398,
          -0.09672898774565304,
          0.6508623950222875,
          2.8681995565317195
        ],
        [
          0.6561333245199105,
          -0.1850476051881435,
          0.731605388354034,
          2.5409461076222986
        ],
        [
          0.04967307886114273,
          0.9779575076567266,
          0.2028095128292577,
          0.777410018226095
        ],
        [
          0.0,
          0.0,
          0.0,
          1.0
        ]
      ]
    },
    {
      "file_path": "images/0275.jpg",
      "sharpness": 595.685417760271,
      "transform_matrix": [
        [
          -0.7480235578397534,
          -0.10487256451660229,
          0.6553338860215729,
          2.880484741462723
        ],
        [
          0.6620521578109175,
          -0.18686434196241886,
          0.7257883011188135,
          2.504701200298785
        ],
        [
          0.04634325494261813,
          0.9767719605685621,
          0.20921003754149417,
          0.7774580290196024
        ],
        [
          0.0,
          0.0,
          0.0,
          1.0
        ]
      ]
    },
    {
      "file_path": "images/0274.jpg",
      "sharpness": 794.4673425553881,
      "transform_matrix": [
        [
          -0.7424372718922349,
          -0.1138781233257686,
          0.66016563858829,
          2.893192735003862
        ],
        [
          0.6686355100565201,
          -0.1868552242231487,
          0.7197302827254443,
          2.4633916728913756
        ],
        [
          0.04139386452533476,
          0.9757647760841757,
          0.21487123998525093,
          0.7741688521323513
        ],
        [
          0.0,
