{
  "camera_angle_x": 0.7114070911519446,
  "camera_angle_y": 1.1622696658991933,
  "fl_x": 409.14595265591015,
  "fl_y": 411.0892942504825,
  "k1": 0.06089935196900553,
  "k2": -0.09166781040604567,
  "p1": -0.005319062577685096,
  "p2": -0.0015277033752596958,
  "cx": 153.22371666088313,
  "cy": 268.8617447627922,
  "w": 304.0,
  "h": 540.0,
  "aabb_scale": 4,
  "frames": [
    {
      "file_path": "images/0708.jpg",
      "sharpness": 802.2827969835923,
      "transform_matrix": [
        [
          -0.6087998357915368, -0.15150578918654276, 0.778722515301058,
          2.9946767650028154
        ],
        [
          0.792724862452295, -0.15431613230452085, 0.5897235146749397,
          2.6846939772987306
        ],
        [
          0.030822920207018805, 0.9763362777270475, 0.21405004190060598,
          1.83242580935918
        ],
        [0.0, 0.0, 0.0, 1.0]
      ]
    },
    {
      "file_path": "images/0709.jpg",
      "sharpness": 483.5525274039313,
      "transform_matrix": [
        [
          -0.6032217111527665, -0.14858555533093512, 0.783610809008255,
          3.0026066890627563
        ],
        [
          0.7969105835280689, -0.15233610516853305, 0.5845744032396858,
          2.651268451303478
        ],
        [
          0.03251290627466216, 0.9770957188840211, 0.21030184763272794,
          1.8046548681789987
        ],
        [0.0, 0.0, 0.0, 1.0]
      ]
    },
    {
      "file_path": "images/0705.jpg",
      "sharpness": 737.5764372798467,
      "transform_matrix": [
        [
          -0.6257395537363771, -0.15841785495273147, 0.7637760104740271,
          2.960913409512768
        ],
        [
          0.779535838250451, -0.16192199248303313, 0.6050662321047932,
          2.7550072654878517
        ],
        [
          0.02781883883232356, 0.9740046466186603, 0.2248133906708541,
          1.8903395291078389
        ],
        [0.0, 0.0, 0.0, 1.0]
      ]
    },
    {
      "file_path": "images/0707.jpg",
      "sharpness": 762.1309393274482,
      "transform_matrix": [
        [
          -0.6146025636726583, -0.15418401434239043, 0.7736219868268401,
          2.974555305528848
        ],
        [
          0.7882202744165758, -0.15880476776290212, 0.5945501196151832,
          2.700486483770441
        ],
        [
          0.03118473578429394, 0.9751965624987257, 0.21913278348612913,
          1.8462104396128904
        ],
        [0.0, 0.0, 0.0, 1.0]
      ]
    },
    {
      "file_path": "images/0701.jpg",
      "sharpness": 344.99952349951457,
      "transform_matrix": [
        [
          -0.6433807825105846, -0.1688841413459343, 0.7466855533298872,
          2.87764281698715
        ],
        [
          0.765504745343935, -0.15209095012377663, 0.6251966312660074,
          2.836643372627698
        ],
        [
          0.007978319005910148, 0.9738308322006962, 0.22713400611706222,
          1.956123627648051
        ],
        [0.0, 0.0, 0.0, 1.0]
      ]
    },
    {
      "file_path": "images/0702.jpg",
      "sharpness": 312.5265245279872,
      "transform_matrix": [
        [
          -0.6394731713737088, -0.1666267830643682, 0.7505395248169927,
          2.911095444266469
        ],
        [
          0.7686289107377167, -0.15994738363380667, 0.6193758407032445,
          2.81358269114563
        ],
        [
          0.01684222946406825, 0.9729606105524495, 0.23035622343173284,
          1.9468372872454673
        ],
        [0.0, 0.0, 0.0, 1.0]
      ]
    },
    {
      "file_path": "images/0696.jpg",
      "sharpness": 604.6807261258673,
      "transform_matrix": [
        [
          -0.6602210248609807, -0.18074099286363948, 0.7289999258462435,
          2.754548401259565
        ],
        [
          0.7510332162986497, -0.14908743624494764, 0.6432122856180643,
          2.909025583190231
        ],
        [
          -0.007570097157526451, 0.9721654334037134, 0.23417314913892606,
          2.041471703290187
        ],
        [0.0, 0.0, 0.0, 1.0]
      ]
    },
    {
      "file_path": "images/0703.jpg",
      "sharpness": 522.9877175036748,
      "transform_matrix": [
        [
          -0.6384550765423453, -0.1658212449106207, 0.7515839474252,
          2.923273249534056
        ],
        [
          0.7694166604087527, -0.162018088745642, 0.6178577033627172,
          2.792279377122741
        ],
        [
          0.019316261144513236, 0.9727555981374462, 0.23102689973529514,
          1.9247352435699012
        ],
        [0.0, 0.0, 0.0, 1.0]
      ]
    },
    {
      "file_path": "images/0704.jpg",
      "sharpness": 735.6339475269085,
      "transform_matrix": [
        [
          -0.6313484268727179, -0.16252598294837184, 0.7582773033697211,
          2.9350659685406346
        ],
        [
          0.7751020780271103, -0.16353954790841815, 0.610304501792315,
          2.7682549252040105
        ],
        [
          0.024817988330686217, 0.9730571006825801, 0.22922466342013703,
          1.9042958382557877
        ],
        [0.0, 0.0, 0.0, 1.0]
      ]
    },
    {
      "file_path": "images/0699.jpg",
      "sharpness": 444.31929077176744,
      "transform_matrix": [
        [
          -0.6533503655737942, -0.17791942102493094, 0.7358518733280419,
          2.8367276071572847
        ],
        [
          0.7570426890238047, -0.1478506896596842, 0.6364169549617315,
          2.867551362442284
        ],
        [
          -0.004434729198319249, 0.9728745310890734, 0.23129089906176445,
          1.9929715907228716
        ],
        [0.0, 0.0, 0.0, 1.0]
      ]
    },
    {
      "file_path": "images/0698.jpg",
      "sharpness": 357.67052265246946,
      "transform_matrix": [
        [
          -0.6541798814874887, -0.17740853758541997, 0.7352379842625538,
          2.813460081050246
        ],
        [
          0.7563155033800295, -0.14577868180045872, 0.6377581322723631,
          2.8843537525715073
        ],
        [
          -0.005961713424227242, 0.9732804255592686, 0.22954230819145835,
          2.008072749945618
        ],
        [0.0, 0.0, 0.0, 1.0]
      ]
    },
    {
      "file_path": "images/0700.jpg",
      "sharpness": 658.4877825691009,
      "transform_matrix": [
        [
          -0.651427702375687, -0.1754148111308836, 0.7381541794686903,
          2.8511633978027127
        ],
        [
          0.758706729711573, -0.14745679451330324, 0.6345239097482706,
          2.8575024490828675
        ],
        [
          -0.0024590426254720646, 0.9733889961573735, 0.229145838545571,
          1.9769462314420487
        ],
        [0.0, 0.0, 0.0, 1.0]
      ]
    },
    {
      "file_path": "images/0697.jpg",
      "sharpness": 632.4512426752153,
      "transform_matrix": [
        [
          -0.6574291858669897, -0.1789327342591892, 0.7319630743653969,
          2.781830263704299
        ],
        [
          0.75347140629934, -0.14549865552308042, 0.6411793673616387,
          2.901350065329006
        ],
        [
          -0.008228334139889432, 0.9730432764805576, 0.2304757615605378,
          2.0264737851696535
        ],
        [0.0, 0.0, 0.0, 1.0]
      ]
    },
    {
      "file_path": "images/0694.jpg",
      "sharpness": 477.04837628992686,
      "transform_matrix": [
        [
          -0.6652870131356124, -0.17930807748196173, 0.7247356784072825,
          2.700715388306639
        ],
        [
          0.7465744370815245, -0.15399360247068516, 0.6472345635814776,
          2.9370470813888714
        ],
        [
          -0.004449727318697908, 0.9716658807430665, 0.23631677083998082,
          2.0682678610309972
        ],
        [0.0, 0.0, 0.0, 1.0]
      ]
    },
    {
      "file_path": "images/0695.jpg",
      "sharpness": 442.35933339765603,
      "transform_matrix": [
        [
          -0.6625874597206737, -0.180072578377071, 0.7270156289868769,
          2.7295027098243017
        ],
        [
          0.7489584321294495, -0.15118887019709967, 0.6451381189099907,
          2.923692062313567
        ],
        [
          -0.00625501291929573, 0.9719649129971617, 0.23504272541273347,
          2.053792569862592
        ],
        [0.0, 0.0, 0.0, 1.0]
      ]
    },
    {
      "file_path": "images/0692.jpg",
      "sharpness": 684.3259624702902,
      "transform_matrix": [
        [
          -0.6734927261737487, -0.18472826776988363, 0.7157394881738999,
          2.6270863692220314
        ],
        [
          0.7391732001558083, -0.1610670441509574, 0.6539727727206197,
          2.959717166068001
        ],
        [
          -0.005525213731058761, 0.969501353494397, 0.24502366750867982,
          2.0942746690777545
        ],
        [0.0, 0.0, 0.0, 1.0]
      ]
    },
    {
      "file_path": "images/0693.jpg",
      "sharpness": 628.9015278199323,
      "transform_matrix": [
        [
          -0.668664751203444, -0.18083215328526642, 0.7212400313972434,
          2.6652027960208353
        ],
        [
          0.7435536106014016, -0.15748236133996876, 0.6498671664489648,
          2.9479727230214596
        ],
        [
          -0.003934295821009923, 0.9708238966245727, 0.23976130445240723,
          2.084472131197378
        ],
        [0.0, 0.0, 0.0, 1.0]
      ]
    },
    {
      "file_path": "images/0690.jpg",
      "sharpness": 638.2043469067168,
      "transform_matrix": [
        [
          -0.684619821316367, -0.18897704213206273, 0.7039768304862086,
          2.557363655551644
        ],
        [
          0.7288903212565458, -0.1724314282992414, 0.6625604139346185,
          2.9907793930938666
        ],
        [
          -0.0038209768888494526, 0.9667238903294745, 0.2557935105813036,
          2.120505106378759
        ],
        [0.0, 0.0, 0.0, 1.0]
      ]
    },
    {
      "file_path": "images/0691.jpg",
      "sharpness": 603.5865293484401,
      "transform_matrix": [
        [
          -0.6790978498414774, -0.18702211372834934, 0.7098231042808542,
          2.593140487745061
        ],
        [
          0.7340320539002353, -0.16669293330095253, 0.6583391298066115,
          2.974907273127487
        ],
        [
          -0.0048014802291511584, 0.9681095986592955, 0.2504810388532293,
          2.102920687064841
        ],
        [0.0, 0.0, 0.0, 1.0]
      ]
    },
    {
      "file_path": "images/0686.jpg",
      "sharpness": 382.0920900020518,
      "transform_matrix": [
        [
          -0.7026325780017558, -0.18997284185417662, 0.6857242738463475,
          2.4228588580548545
        ],
        [
          0.7115525224020063, -0.18851793488423454, 0.67687073809578,
          3.0609049824942307
        ],
        [
          0.0006842663215153764, 0.9635202684098418, 0.2676344973964936,
          2.1631110803254243
        ],
        [0.0, 0.0, 0.0, 1.0]
      ]
    },
    {
      "file_path": "images/0685.jpg",
      "sharpness": 630.7944679308673,
      "transform_matrix": [
        [
          -0.7080537151527848, -0.1904533738619942, 0.6799907711848509,
          2.3833940927089015
        ],
        [
          0.7061574477105045, -0.18924172695277103, 0.6822970231672706,
          3.0810687169942184
        ],
        [
          -0.0012631421872341313, 0.9632834895378636, 0.26848337622507873,
          2.1738664000792904
        ],
        [0.0, 0.0, 0.0, 1.0]
      ]
    },
    {
      "file_path": "images/0688.jpg",
      "sharpness": 522.5319362331915,
      "transform_matrix": [
        [
          -0.6940218445366414, -0.1922536047946123, 0.6938099385300567,
          2.489999726149412
        ],
        [
          0.7199328890364819, -0.17795355807777863, 0.6708421322867573,
          3.0216974241082895
        ],
        [
          -0.005505870989084788, 0.9650756875307166, 0.2619133497464617,
          2.1426995008429057
        ],
        [0.0, 0.0, 0.0, 1.0]
      ]
    },
    {
      "file_path": "images/0689.jpg",
      "sharpness": 595.2021907016247,
      "transform_matrix": [
        [
          -0.6894504227084468, -0.18933334981293773, 0.6991501965453499,
          2.5251458491911873
        ],
        [
          0.7243238405247978, -0.1753921205998955, 0.6667777576365898,
          3.0045814527365255
        ],
        [
          -0.0036178308441720073, 0.9661213623205325, 0.25806283076326103,
          2.1324027790912523
        ],
        [0.0, 0.0, 0.0, 1.0]
      ]
    },
    {
      "file_path": "images/0680.jpg",
      "sharpness": 418.0325962472294,
      "transform_matrix": [
        [
          -0.7409592113762885, -0.1671091769761564, 0.6504259912554433,
          2.2168206760681652
        ],
        [
          0.6712248575330245, -0.2144288670401459, 0.7095614501998049,
          3.2026062729221594
        ],
        [
          0.02089587844147112, 0.9623381858792744, 0.27105087772665915,
          2.224427219087674
        ],
        [0.0, 0.0, 0.0, 1.0]
      ]
    },
    {
      "file_path": "images/0683.jpg",
      "sharpness": 428.2320537150305,
      "transform_matrix": [
        [
          -0.7224484113640879, -0.18544302906882665, 0.6660924680109588,
          2.3185247292333453
        ],
        [
          0.691423506361422, -0.1956469992437049, 0.6954536552048672,
          3.1309683259388694
        ],
        [
          0.0013519601869995171, 0.9629813781731748, 0.26956453318081675,
          2.1925506732375664
        ],
        [0.0, 0.0, 0.0, 1.0]
      ]
    },
    {
      "file_path": "images/0687.jpg",
      "sharpness": 341.0374922839506,
      "transform_matrix": [
        [
          -0.6980464277857827, -0.19258594266529946, 0.6896679196518222,
          2.4589236946657698
        ],
        [
          0.7160502391623789, -0.1853214894615368, 0.6729992574581767,
          3.0391302631360513
        ],
        [
          -0.0017999103069145088, 0.9636216063804722, 0.26726421401536643,
          2.1554518062455243
        ],
        [0.0, 0.0, 0.0, 1.0]
      ]
    },
    {
      "file_path": "images/0684.jpg",
      "sharpness": 682.0868721340526,
      "transform_matrix": [
        [
          -0.7148657098220631, -0.19073822771835175, 0.6727450820787219,
          2.3439431585470287
        ],
        [
          0.699260863582611, -0.19344890374676169, 0.6881945700896492,
          3.099655495141961
        ],
        [
          -0.0011232139951388041, 0.9623910069081484, 0.27166576572378004,
          2.1833602807592554
        ],
        [0.0, 0.0, 0.0, 1.0]
      ]
    },
    {
      "file_path": "images/0681.jpg",
      "sharpness": 437.92662524184635,
      "transform_matrix": [
        [
          -0.7330090666222122, -0.17438964206568733, 0.657484570954696,
          2.2464215738092523
        ],
        [
          0.6800037600226118, -0.21217062968331596, 0.7018393763924161,
          3.1684128410335965
        ],
        [
          0.017105397789843928, 0.9615466066141674, 0.27410860754247934,
          2.21205101316528
        ],
        [0.0, 0.0, 0.0, 1.0]
      ]
    },
    {
      "file_path": "images/0676.jpg",
      "sharpness": 427.2450375192232,
      "transform_matrix": [
        [
          -0.7713490743030706, -0.1588065524180684, 0.6162800374298432,
          2.090373753945812
        ],
        [
          0.6358662705381606, -0.23241759748527363, 0.7359729250258218,
          3.293694223945348
        ],
        [
          0.02635700278118647, 0.9595637234384234, 0.2802548288951096,
          2.2686846708798925
        ],
        [0.0, 0.0, 0.0, 1.0]
      ]
    },
    {
      "file_path": "images/0678.jpg",
      "sharpness": 679.259020077759,
      "transform_matrix": [
        [
          -0.758050097501792, -0.16410058428493407, 0.6312139478564402,
          2.1397417276014434
        ],
        [
          0.651827956331148, -0.2231510819463388, 0.724792321959427,
          3.245004358563133
        ],
        [
          0.021917231885008485, 0.9608717879688728, 0.2761250479142484,
          2.2384690536655456
        ],
        [0.0, 0.0, 0.0, 1.0]
      ]
    },
    {
      "file_path": "images/0682.jpg",
      "sharpness": 264.63333083954006,
      "transform_matrix": [
        [
          -0.7263743532094089, -0.18263702597397127, 0.6625888738853389,
          2.286437118563154
        ],
        [
          0.6872694100637272, -0.20199976146530932, 0.6977512840250562,
          3.1578762038067194
        ],
        [
          0.006407575090550335, 0.9622057021047009, 0.2722482871797439,
          2.2090623248110406
        ],
        [0.0, 0.0, 0.0, 1.0]
      ]
    },
    {
      "file_path": "images/0673.jpg",
      "sharpness": 199.51454630137266,
      "transform_matrix": [
        [
          -0.7862253877471402, -0.16107160292148895, 0.5965782249192534,
          1.998729410954993
        ],
        [
          0.617312282681309, -0.2482274799075864, 0.7465310870081164,
          3.357610020294708
        ],
        [
          0.027842150524328597, 0.9552167591711181, 0.2945942255144394,
          2.3148399213138533
        ],
        [0.0, 0.0, 0.0, 1.0]
      ]
    },
    {
      "file_path": "images/0679.jpg",
      "sharpness": 685.3505024619622,
      "transform_matrix": [
        [
          -0.7485064819618548, -0.16649190123973262, 0.6418866670498091,
          2.176097317202056
        ],
        [
          0.662848923246824, -0.21590244764823902, 0.716950094532406,
          3.22298609682823
        ],
        [
          0.019218518196117817, 0.9621156791011289, 0.2719633590022102,
          2.2292771094148156
        ],
        [0.0, 0.0, 0.0, 1.0]
      ]
    },
    {
      "file_path": "images/0677.jpg",
      "sharpness": 685.5469307969344,
      "transform_matrix": [
        [
          -0.7660561506440079, -0.16250172466241625, 0.6218932091572245,
          2.114543619756472
        ],
        [
          0.6423448235176159, -0.2288758229034795, 0.731443084177011,
          3.2667133984920618
        ],
        [
          0.02347555733278423, 0.9597963571627233, 0.27971387351850713,
          2.2520378844583964
        ],
        [0.0, 0.0, 0.0, 1.0]
      ]
    },
    {
      "file_path": "images/0674.jpg",
      "sharpness": 282.90029787176763,
      "transform_matrix": [
        [
          -0.7835000272812197, -0.16194775791368346, 0.5999171867938982,
          2.0166561050426846
        ],
        [
          0.6209790780546033, -0.2392403863208797, 0.7464241570122788,
          3.33056953669762
        ],
        [
          0.022642700848357747, 0.9573593689468681, 0.2880110186114281,
          2.29578100269469
        ],
        [0.0, 0.0, 0.0, 1.0]
      ]
    },
    {
      "file_path": "images/0675.jpg",
      "sharpness": 624.3834446566119,
      "transform_matrix": [
        [
          -0.7765726530146034, -0.15873087478873163, 0.6097043742932392,
          2.0534039582761703
        ],
        [
          0.629559320609284, -0.2328156675308803, 0.7412502457241598,
          3.3173934526879045
        ],
        [
          0.02428943095641995, 0.9594797415222978, 0.2807287822895328,
          2.2830686837368552
        ],
        [0.0, 0.0, 0.0, 1.0]
      ]
    },
    {
      "file_path": "images/0668.jpg",
      "sharpness": 294.3861071674416,
      "transform_matrix": [
        [
          -0.8007796834087786, -0.15242790990175276, 0.5792388375932375,
          1.857208413761525
        ],
        [
          0.5981374933760154, -0.25414272264729604, 0.7600282991726534,
          3.4757427150270948
        ],
        [
          0.03135981013992867, 0.9550796871772461, 0.2946851769313265,
          2.3781920071417897
        ],
        [0.0, 0.0, 0.0, 1.0]
      ]
    },
    {
      "file_path": "images/0671.jpg",
      "sharpness": 397.9131699924762,
      "transform_matrix": [
        [
          -0.7876938708342257, -0.15132411449630698, 0.5971929154601122,
          1.9520382290132865
        ],
        [
          0.6152342291557471, -0.2436000762811582, 0.7497638602326385,
          3.416015756921351
        ],
        [
          0.03201888752961374, 0.9579979202786338, 0.2849820619562296,
          2.345120793223344
        ],
        [0.0, 0.0, 0.0, 1.0]
      ]
    },
    {
      "file_path": "images/0672.jpg",
      "sharpness": 171.80539101949313,
      "transform_matrix": [
        [
          -0.7856804171839987, -0.1529512540821663, 0.599426555953201,
          1.984787166248027
        ],
        [
          0.6176796429782644, -0.247714276926353, 0.7463976792950913,
          3.390057415883682
        ],
        [
          0.03432405478619858, 0.9566836211265999, 0.2890991324524799,
          2.3318566089440385
        ],
        [0.0, 0.0, 0.0, 1.0]
      ]
    },
    {
      "file_path": "images/0664.jpg",
      "sharpness": 380.7999750444048,
      "transform_matrix": [
        [
          -0.8199324400984673, -0.16556265974411943, 0.5479961673463349,
          1.7520516473630696
        ],
        [
          0.5719180505913565, -0.27856540793742046, 0.7715640329282085,
          3.5075069544273036
        ],
        [
          0.024910582450481177, 0.9460392799712906, 0.32309308826873095,
          2.380677885077019
        ],
        [0.0, 0.0, 0.0, 1.0]
      ]
    },
    {
      "file_path": "images/0670.jpg",
      "sharpness": 329.39840322663383,
      "transform_matrix": [
        [
          -0.7942471693578069, -0.1548372059343966, 0.5875345723267579,
          1.9001800458642857
        ],
        [
          0.6068455183030589, -0.2501614837485565, 0.7544254429459629,
          3.4269470966550375
        ],
        [
          0.030165392695262926, 0.9557429946159383, 0.29265231483749643,
          2.352207735351234
        ],
        [0.0, 0.0, 0.0, 1.0]
      ]
    },
    {
      "file_path": "images/0669.jpg",
      "sharpness": 399.6424268212855,
      "transform_matrix": [
        [
          -0.7984648141552048, -0.1524918611816747, 0.5824089395631638,
          1.8808349500899393
        ],
        [
          0.6010805989366751, -0.2565555562220874, 0.7568892654500415,
          3.4437461120974375
        ],
        [
          0.034000796641436036, 0.9544241608923371, 0.2965104837714036,
          2.3621424393763517
        ],
        [0.0, 0.0, 0.0, 1.0]
      ]
    },
    {
      "file_path": "images/0667.jpg",
      "sharpness": 70.52724187555691,
      "transform_matrix": [
        [
          -0.8043085493971914, -0.1660517035718063, 0.5705388585899581,
          1.7948305729778307
        ],
        [
          0.5939660985907051, -0.25228319116266007, 0.7639093304717003,
          3.47215724828034
        ],
        [
          0.017088918228152596, 0.9532995453937447, 0.30154261005621963,
          2.371542760611654
        ],
        [0.0, 0.0, 0.0, 1.0]
      ]
    },
    {
      "file_path": "images/0663.jpg",
      "sharpness": 616.1963926643857,
      "transform_matrix": [
        [
          -0.8232608251859537, -0.16568527587056295, 0.5429456723535828,
          1.7165073360715732
        ],
        [
          0.5672332587990324, -0.2773275076861523, 0.7754584989493742,
          3.5210396172714766
        ],
        [
          0.022091714798201455, 0.9463814468224775, 0.32229507179154177,
          2.3791053697503783
        ],
        [0.0, 0.0, 0.0, 1.0]
      ]
    },
    {
      "file_path": "images/0665.jpg",
      "sharpness": 508.8402575569533,
      "transform_matrix": [
        [
          -0.8183666318045526, -0.16637966889666797, 0.5500853222731479,
          1.775231133367376
        ],
        [
          0.5742010141942175, -0.2764579505535483, 0.770625847525285,
          3.496565775689361
        ],
        [
          0.023858987470751478, 0.9465140291633908, 0.3217793364518618,
          2.3781811797280867
        ],
        [0.0, 0.0, 0.0, 1.0]
      ]
    },
    {
      "file_path": "images/0658.jpg",
      "sharpness": 406.24356573731495,
      "transform_matrix": [
        [
          -0.8516330844255939, -0.1690951953865484, 0.4961127940928152,
          1.5806303229294945
        ],
        [
          0.5239959229395672, -0.29674569297986225, 0.7983547246936116,
          3.604480692967689
        ],
        [
          0.012221386719407755, 0.9398663780793587, 0.3413236427736714,
          2.378265071180657
        ],
        [0.0, 0.0, 0.0, 1.0]
      ]
    },
    {
      "file_path": "images/0661.jpg",
      "sharpness": 553.9980548952963,
      "transform_matrix": [
        [
          -0.8339960085509033, -0.16503946881047826, 0.526509858891135,
          1.6619661311719403
        ],
        [
          0.5515068422514335, -0.2788303475801534, 0.7861894429577282,
          3.5572253385126738
        ],
        [
          0.017054638908843348, 0.9460526470829012, 0.32356379323522977,
          2.3815928956305856
        ],
        [0.0, 0.0, 0.0, 1.0]
      ]
    },
    {
      "file_path": "images/0654.jpg",
      "sharpness": 274.2924871897535,
      "transform_matrix": [
        [
          -0.8691818079515825, -0.16021875226921517, 0.4678172038317531,
          1.468826766519887
        ],
        [
          0.49404329334454905, -0.3216872508323468, 0.8077366755033465,
          3.6484590582949035
        ],
        [
          0.021076267881482126, 0.9331919760270773, 0.35875970630007104,
          2.37713311412998
        ],
        [0.0, 0.0, 0.0, 1.0]
      ]
    },
    {
      "file_path": "images/0662.jpg",
      "sharpness": 669.6025692372345,
      "transform_matrix": [
        [
          -0.8298149346551429, -0.16305847779126567, 0.5336844639834686,
          1.6898474273563062
        ],
        [
          0.5576567725043831, -0.2776815214013662, 0.7822479765088675,
          3.534804679934821
        ],
        [
          0.020642149602368622, 0.9467338092315764, 0.3213549379911702,
          2.3777818047142887
        ],
        [0.0, 0.0, 0.0, 1.0]
      ]
    },
    {
      "file_path": "images/0660.jpg",
      "sharpness": 190.72684643693194,
      "transform_matrix": [
        [
          -0.8404901018444145, -0.17122772584050328, 0.5140597773204016,
          1.616164977778626
        ],
        [
          0.5417652772362818, -0.27988931125939337, 0.7925606335314903,
          3.5666442196049113
        ],
        [
          0.008171482150058796, 0.9446391053707648, 0.32800943208608885,
          2.371713330764957
        ],
        [0.0, 0.0, 0.0, 1.0]
      ]
    },
    {
      "file_path": "images/0656.jpg",
      "sharpness": 466.04487323720093,
      "transform_matrix": [
        [
          -0.8609937060934046, -0.1640448532560597, 0.4814344443861361,
          1.5267118922850023
        ],
        [
          0.5083190293947208, -0.3098564552188331, 0.8034928384960429,
          3.624130159116805
        ],
        [
          0.01736670557435836, 0.9365245663237651, 0.3501715783201479,
          2.3741989499039957
        ],
        [0.0, 0.0, 0.0, 1.0]
      ]
    },
    {
      "file_path": "images/0659.jpg",
      "sharpness": 533.9025506726058,
      "transform_matrix": [
        [
          -0.8480121470444304, -0.17170412898046486, 0.5013911552967416,
          1.6001704349805599
        ],
        [
          0.5298925265794836, -0.2915686943831724, 0.7963677584702331,
          3.5875323875068803
        ],
        [
          0.00945033220888481, 0.9410129587820995, 0.3382385292644034,
          2.3750942557272006
        ],
        [0.0, 0.0, 0.0, 1.0]
      ]
    },
    {
      "file_path": "images/0666.jpg",
      "sharpness": 106.81631939898737,
      "transform_matrix": [
        [
          -0.8134504052420561, -0.16363027222295795, 0.5581429675964943,
          1.8010298855617428
        ],
        [
          0.5810123095588374, -0.27296850497524716, 0.766754779204332,
          3.479716800307561
        ],
        [
          0.026891158177803912, 0.9480049205323098, 0.3171175433684351,
          2.3773788798986373
        ],
        [0.0, 0.0, 0.0, 1.0]
      ]
    },
    {
      "file_path": "images/0657.jpg",
      "sharpness": 465.9185746255258,
      "transform_matrix": [
        [
          -0.8557699775465957, -0.16622275920526494, 0.48992625966132197,
          1.5531054789610752
        ],
        [
          0.5171197546144842, -0.3034717084094258, 0.8003074918945344,
          3.609410281363275
        ],
        [
          0.015649439498706633, 0.938229671544213, 0.3456590495431305,
          2.3705509847021324
        ],
        [0.0, 0.0, 0.0, 1.0]
      ]
    },
    {
      "file_path": "images/0652.jpg",
      "sharpness": 441.71610511534277,
      "transform_matrix": [
        [
          -0.8769522487292836, -0.155631024823653, 0.4546798187897042,
          1.4201572591636369
        ],
        [
          0.4797357036232454, -0.339471213302158, 0.8090815471930319,
          3.6581289890642568
        ],
        [
          0.028432519392987767, 0.9276520250066657, 0.37236180308356764,
          2.371651799135092
        ],
        [0.0, 0.0, 0.0, 1.0]
      ]
    },
    {
      "file_path": "images/0655.jpg",
      "sharpness": 547.9210473752948,
      "transform_matrix": [
        [
          -0.8646004478181838, -0.16006346119672216, 0.4762832708336157,
          1.5053104692915733
        ],
        [
          0.5019883903774658, -0.3162287186664558, 0.8049888529767433,
          3.6358868953782326
        ],
        [
          0.021765146425746028, 0.9350823952618196, 0.3537614910163767,
          2.37757307682907
        ],
        [0.0, 0.0, 0.0, 1.0]
      ]
    },
    {
      "file_path": "images/0653.jpg",
      "sharpness": 281.0102222914728,
      "transform_matrix": [
        [
          -0.8735635448643496, -0.1581805863741751, 0.4602886433880369,
          1.4408036352946292
        ],
        [
          0.4860784358710535, -0.33170592229979157, 0.8085165027953323,
          3.644339959874027
        ],
        [
          0.024788854473785562, 0.9300269260904837, 0.3666543733466296,
          2.3694542627533877
        ],
        [0.0, 0.0, 0.0, 1.0]
      ]
    },
    {
      "file_path": "images/0650.jpg",
      "sharpness": 439.3332569903618,
      "transform_matrix": [
        [
          -0.8861951887172493, -0.14874207600744052, 0.43878683021832116,
          1.3608129320278386
        ],
        [
          0.4622254368110298, -0.34866329815527974, 0.8153413702764841,
          3.673495549625983
        ],
        [
          0.031713295341345066, 0.9253700337657403, 0.37773610836221533,
          2.3555570922158906
        ],
        [0.0, 0.0, 0.0, 1.0]
      ]
    },
    {
      "file_path": "images/0651.jpg",
      "sharpness": 539.8265292953389,
      "transform_matrix": [
        [
          -0.8799641782097661, -0.15221251754514598, 0.4499937717611492,
          1.3956075723326011
        ],
        [
          0.47399088212984575, -0.3442585132428693, 0.8104435327137725,
          3.662870714065389
        ],
        [
          0.0315545363924992, 0.9264542220798985, 0.3750825051599059,
          2.3631083508590986
        ],
        [0.0, 0.0, 0.0, 1.0]
      ]
    },
    {
      "file_path": "images/0642.jpg",
      "sharpness": 710.6562097762852,
      "transform_matrix": [
        [
          -0.9197720473339429, -0.13927861937752065, 0.3669071369993566,
          1.1607053569555246
        ],
        [
          0.3911005277289939, -0.4028456493249329, 0.827499703945612,
          3.659293188887798
        ],
        [
          0.03255392754560594, 0.90460867177427, 0.4249981091790792,
          2.3013952415947867
        ],
        [0.0, 0.0, 0.0, 1.0]
      ]
    },
    {
      "file_path": "images/0649.jpg",
      "sharpness": 544.3017300616475,
      "transform_matrix": [
        [
          -0.8901536315634189, -0.14373626567938882, 0.43239611260584554,
          1.3507397475306369
        ],
        [
          0.4542205417249406, -0.3552903421888443, 0.8169776448731235,
          3.6748910657952174
        ],
        [
          0.03619684699125218, 0.9236388139975255, 0.3815509528212216,
          2.358247683284518
        ],
        [0.0, 0.0, 0.0, 1.0]
      ]
    },
    {
      "file_path": "images/0648.jpg",
      "sharpness": 470.93185288311497,
      "transform_matrix": [
        [
          -0.8937523934076584, -0.1413774081274469, 0.42569835306575154,
          1.3251392803224595
        ],
        [
          0.44702611417926613, -0.35916296354129895, 0.8192494240840315,
          3.684017922679223
        ],
        [
          0.0370717218748416, 0.9225044141564455, 0.38420215167637234,
          2.3508939629092485
        ],
        [0.0, 0.0, 0.0, 1.0]
      ]
    },
    {
      "file_path": "images/0641.jpg",
      "sharpness": 625.0059746882217,
      "transform_matrix": [
        [
          -0.9224980273157323, -0.1327710742614395, 0.36244893639199927,
          1.1424645507642621
        ],
        [
          0.3843941992229231, -0.4015934345494316, 0.8312423310506747,
          3.6786720808180706
        ],
        [
          0.03519217594927037, 0.9061426792791811, 0.42150558192549364,
          2.306616444054516
        ],
        [0.0, 0.0, 0.0, 1.0]
      ]
    },
    {
      "file_path": "images/0647.jpg",
      "sharpness": 404.61317749207586,
      "transform_matrix": [
        [
          -0.8977309485913099, -0.14217798865925968, 0.4169706986537547,
          1.296994892615695
        ],
        [
          0.4391633103057198, -0.3636991398987848, 0.8214977312921847,
          3.6895548363531177
        ],
        [
          0.03485298934009815, 0.9206021698998134, 0.3889433300153891,
          2.3478936713576735
        ],
        [0.0, 0.0, 0.0, 1.0]
      ]
    },
    {
      "file_path": "images/0646.jpg",
      "sharpness": 308.14437113069454,
      "transform_matrix": [
        [
          -0.902135892169333, -0.1418578152922411, 0.4074643448867647,
          1.27089792671368
        ],
        [
          0.43007576341698484, -0.371039995673842, 0.8230213601916134,
          3.678023063816854
        ],
        [
          0.03443355666839907, 0.9177176482432555, 0.39573810573620294,
          2.3384208215634565
        ],
        [0.0, 0.0, 0.0, 1.0]
      ]
    },
    {
      "file_path": "images/0645.jpg",
      "sharpness": 372.84864968686793,
      "transform_matrix": [
        [
          -0.9068604096186909, -0.13978954829758952, 0.39757147748124694,
          1.24622042001278
        ],
        [
          0.4200361297511999, -0.37650682153964343, 0.8257192398374572,
          3.6834546685009277
        ],
        [
          0.034261453763777074, 0.9158064727697202, 0.40015579125226036,
          2.331046975570719
        ],
        [0.0, 0.0, 0.0, 1.0]
      ]
    },
    {
      "file_path": "images/0640.jpg",
      "sharpness": 610.0090301873734,
      "transform_matrix": [
        [
          -0.9237551588893834, -0.1298300572857085, 0.36030620686311493,
          1.1185125161149017
        ],
        [
          0.3811409608287439, -0.40381717277449636, 0.8316629479247915,
          3.6746388568908985
        ],
        [
          0.03752298561708902, 0.9055803924790468, 0.42251174937689223,
          2.298423760766555
        ],
        [0.0, 0.0, 0.0, 1.0]
      ]
    },
    {
      "file_path": "images/0639.jpg",
      "sharpness": 728.8034286184686,
      "transform_matrix": [
        [
          -0.9266209391999158, -0.1272920093840015, 0.3537942614527471,
          1.0864934905628105
        ],
        [
          0.3740971732733659, -0.4065854301600189, 0.8335104036126184,
          3.6729259238168486
        ],
        [
          0.03774837786259108, 0.9047016261582362, 0.42437015405072015,
          2.286691236917428
        ],
        [0.0, 0.0, 0.0, 1.0]
      ]
    },
    {
      "file_path": "images/0636.jpg",
      "sharpness": 457.1856241156096,
      "transform_matrix": [
        [
          -0.9374645894111809, -0.11528240413957885, 0.32843585515222123,
          1.0034757022107874
        ],
        [
          0.34571615515193954, -0.4181675558536489, 0.8400096638124741,
          3.6596512857721204
        ],
        [
          0.04050288525892572, 0.90102489564465, 0.43187226556922537,
          2.252281795336174
        ],
        [0.0, 0.0, 0.0, 1.0]
      ]
    },
    {
      "file_path": "images/0643.jpg",
      "sharpness": 214.07191419441827,
      "transform_matrix": [
        [
          -0.9170445023632509, -0.14443374211745855, 0.3717099337883384,
          1.1771698786097389
        ],
        [
          0.3977340886849257, -0.3988854575726667, 0.8262554002455997,
          3.665391904497695
        ],
        [
          0.028930527621236605, 0.9055546841136135, 0.4232419387361047,
          2.3112817637944167
        ],
        [0.0, 0.0, 0.0, 1.0]
      ]
    },
    {
      "file_path": "images/0644.jpg",
      "sharpness": 184.88542915177456,
      "transform_matrix": [
        [
          -0.912109506427602, -0.14415973358698478, 0.38376323371340776,
          1.2087370938309716
        ],
        [
          0.4088892184067148, -0.3871145481940867, 0.8264090595142541,
          3.675328506390172
        ],
        [
          0.029425420979021986, 0.9106922080671539, 0.41203622027635517,
          2.33224475575128
        ],
        [0.0, 0.0, 0.0, 1.0]
      ]
    },
    {
      "file_path": "images/0635.jpg",
      "sharpness": 350.3921574818233,
      "transform_matrix": [
        [
          -0.9422589467252157, -0.1121874772526091, 0.3155345421940801,
          0.9766667566174058
        ],
        [
          0.33262982328014273, -0.42270076810964846, 0.8430192532226854,
          3.6560453485163413
        ],
        [
          0.038800490056132425, 0.8992986326194834, 0.4356104812717176,
          2.238910786355318
        ],
        [0.0, 0.0, 0.0, 1.0]
      ]
    },
    {
      "file_path": "images/0637.jpg",
      "sharpness": 504.96359204092556,
      "transform_matrix": [
        [
          -0.9333836195353634, -0.11843273987312425, 0.3387753015832983,
          1.0337687927314374
        ],
        [
          0.3565549091006587, -0.4133117302860272, 0.837879472480494,
          3.6674729343476606
        ],
        [
          0.04078744446625077, 0.902854971619806, 0.42800617361079973,
          2.264723326482966
        ],
        [0.0, 0.0, 0.0, 1.0]
      ]
    },
    {
      "file_path": "images/0634.jpg",
      "sharpness": 461.52464646039607,
      "transform_matrix": [
        [
          -0.9466670802948419, -0.1060416708134933, 0.3042640353225592,
          0.9516237600078393
        ],
        [
          0.31957768491754285, -0.4295361250799551, 0.8446116388933085,
          3.651311793061235
        ],
        [
          0.04112836535687329, 0.8968020301862231, 0.4405162610739657,
          2.2311800110864555
        ],
        [0.0, 0.0, 0.0, 1.0]
      ]
    },
    {
      "file_path": "images/0638.jpg",
      "sharpness": 683.8666708251162,
      "transform_matrix": [
        [
          -0.9292064804392921, -0.12169494616534164, 0.34894936142810806,
          1.069642054717697
        ],
        [
          0.36721074561596145, -0.4103573490593953, 0.8347233759618304,
          3.6681194488687527
        ],
        [
          0.04161231861097999, 0.9037683255101256, 0.4259943999609481,
          2.278097022859541
        ],
        [0.0, 0.0, 0.0, 1.0]
      ]
    },
    {
      "file_path": "images/0631.jpg",
      "sharpness": 722.4089981091938,
      "transform_matrix": [
        [
          -0.9564724274150015, -0.08902313411828017, 0.2779125352341257,
          0.8775202552386829
        ],
        [
          0.2884681874213216, -0.4324085026203053, 0.8542885880705201,
          3.644791799986341
        ],
        [
          0.04412029566848295, 0.897272404845397, 0.4392671522737949,
          2.19295368437258
        ],
        [0.0, 0.0, 0.0, 1.0]
      ]
    },
    {
      "file_path": "images/0628.jpg",
      "sharpness": 537.7336387317522,
      "transform_matrix": [
        [
