{
  "camera_angle_x": 0.6789099115821599,
  "camera_angle_y": 1.1108756800898307,
  "fl_x": 430.4440006934723,
  "fl_y": 435.05426983059976,
  "k1": 0.1089072679304388,
  "k2": -0.10777052090689623,
  "p1": -0.0016727460883089011,
  "p2": -0.0016196099888630387,
  "cx": 152.28324538284295,
  "cy": 272.70760426610224,
  "w": 304.0,
  "h": 540.0,
  "aabb_scale": 16,
  "frames": [
    {
      "file_path": "images/0703.jpg",
      "sharpness": 394.2026676293323,
      "transform_matrix": [
        [
          -0.08445513559592815,
          0.12799379582228027,
          -0.9881725144598198,
          -4.059354730494498
        ],
        [
          -0.9926195916680091,
          0.07580832474919257,
          0.09465434028920346,
          0.32764430764929164
        ],
        [
          0.08702687118906519,
          0.9888734429445247,
          0.1206467469991573,
          0.6769955574407659
        ],
        [
          0.0,
          0.0,
          0.0,
          1.0
        ]
      ]
    },
    {
      "file_path": "images/0706.jpg",
      "sharpness": 354.04922541322657,
      "transform_matrix": [
        [
          -0.05836419038204152,
          0.13674672670556573,
          -0.9888852077201514,
          -4.0614441782137725
        ],
        [
          -0.9945403632543093,
          0.07787107586075716,
          0.0694662608919137,
          0.19689320776519845
        ],
        [
          0.08650483882140057,
          0.9875405957786373,
          0.1314552569547995,
          0.6796716286196831
        ],
        [
          0.0,
          0.0,
          0.0,
          1.0
        ]
      ]
    },
    {
      "file_path": "images/0698.jpg",
      "sharpness": 345.2179029441617,
      "transform_matrix": [
        [
          -0.10100171011447626,
          0.11178693266768205,
          -0.9885860287653616,
          -4.0741631950122805
        ],
        [
          -0.9901408313641175,
          0.08564211580819328,
          0.11084476562066169,
          0.5210460396739625
        ],
        [
          0.0970555955128869,
          0.9900349032816116,
          0.10203480629277384,
          0.6628253692889138
        ],
        [
          0.0,
          0.0,
          0.0,
          1.0
        ]
      ]
    },
    {
      "file_path": "images/0708.jpg",
      "sharpness": 187.36189305840395,
      "transform_matrix": [
        [
          -0.030308211907783832,
          0.15258015423754298,
          -0.9878262543864512,
          -4.047639385204657
        ],
        [
          -0.9962781105763181,
          0.0751723642932067,
          0.042178691694739624,
          0.11879698803216535
        ],
        [
          0.08069286633745336,
          0.9854280350236927,
          0.14973392782861486,
          0.6849765404684786
        ],
        [
          0.0,
          0.0,
          0.0,
          1.0
        ]
      ]
    },
    {
      "file_path": "images/0695.jpg",
      "sharpness": 494.15038334708254,
      "transform_matrix": [
        [
          -0.1063116841571165,
          0.13129532069603833,
          -0.9856263818538785,
          -4.087209730548829
        ],
        [
          -0.9868495516682817,
          0.10745080232073115,
          0.1207571424503391,
          0.6405924292891916
        ],
        [
          0.12176119326303307,
          0.9855028482328271,
          0.11814545260627826,
          0.659494768208254
        ],
        [
          0.0,
          0.0,
          0.0,
          1.0
        ]
      ]
    },
    {
      "file_path": "images/0705.jpg",
      "sharpness": 431.6610197172119,
      "transform_matrix": [
        [
          -0.0692849142302077,
          0.136478488572194,
          -0.9882171941676221,
          -4.04921961571614
        ],
        [
          -0.9939348013364264,
          0.07535724189150372,
          0.080093050802507,
          0.24493307680210788
        ],
        [
          0.08540030066089471,
          0.9877727007175238,
          0.13042959938462156,
          0.6732019878704055
        ],
        [
          0.0,
          0.0,
          0.0,
          1.0
        ]
      ]
    },
    {
      "file_path": "images/0707.jpg",
      "sharpness": 202.8105381129557,
      "transform_matrix": [
        [
          -0.0455395996574629,
          0.1414010106637673,
          -0.9889043932947553,
          -4.0622468849968145
        ],
        [
          -0.995266277338916,
          0.07865722888830198,
          0.05707957196386335,
          0.15631006929215918
        ],
        [
          0.08585558837597851,
          0.9868225750144248,
          0.13714963878154945,
          0.6833496748369698
        ],
        [
          0.0,
          0.0,
          0.0,
          1.0
        ]
      ]
    },
    {
      "file_path": "images/0701.jpg",
      "sharpness": 433.0364857907002,
      "transform_matrix": [
        [
          -0.09405062244616096,
          0.12481999447186383,
          -0.9877117238490685,
          -4.04563947173866
        ],
        [
          -0.9916752218157371,
          0.07589629200432228,
          0.10401926406551679,
          0.4050999187377057
        ],
        [
          0.08794734137496658,
          0.9892723193697831,
          0.11664280220056258,
          0.6687605285829759
        ],
        [
          0.0,
          0.0,
          0.0,
          1.0
        ]
      ]
    },
    {
      "file_path": "images/0704.jpg",
      "sharpness": 348.9465507763072,
      "transform_matrix": [
        [
          -0.07654145359143309,
          0.13443478902255043,
          -0.9879618886444651,
          -4.048786688947059
        ],
        [
          -0.9934799060551073,
          0.07368489856031922,
          0.08699547108280867,
          0.2860387470659559
        ],
        [
          0.08449308934716358,
          0.9881790441290793,
          0.1279183123251174,
          0.6787397113859178
        ],
        [
          0.0,
          0.0,
          0.0,
          1.0
        ]
      ]
    },
    {
      "file_path": "images/0702.jpg",
      "sharpness": 426.4180295307729,
      "transform_matrix": [
        [
          -0.0906741897476743,
          0.1246002747478795,
          -0.9880551416179773,
          -4.05639294836352
        ],
        [
          -0.9919439077486413,
          0.07682972159186392,
          0.1007197982548632,
          0.3665414112632013
        ],
        [
          0.08846171598302584,
          0.9892279643459831,
          0.11663001068608446,
          0.6701386392853641
        ],
        [
          0.0,
          0.0,
          0.0,
          1.0
        ]
      ]
    },
    {
      "file_path": "images/0696.jpg",
      "sharpness": 464.25539105481977,
      "transform_matrix": [
        [
          -0.10256696322109503,
          0.12876544928291056,
          -0.9863566683294323,
          -4.074704637796174
        ],
        [
          -0.9887798717468121,
          0.0950614047015464,
          0.11522887903887238,
          0.5989951568893473
        ],
        [
          0.10860194880793972,
          0.9871082962057779,
          0.11757052482760792,
          0.6660643663058874
        ],
        [
          0.0,
          0.0,
          0.0,
          1.0
        ]
      ]
    },
    {
      "file_path": "images/0693.jpg",
      "sharpness": 449.01025414500174,
      "transform_matrix": [
        [
          -0.11276842764966014,
          0.1353611349934866,
          -0.9843579861463327,
          -4.101792563323186
        ],
        [
          -0.982381438274887,
          0.13339992239232137,
          0.13088609719414537,
          0.7286255532581563
        ],
        [
          0.14903016962924984,
          0.9817748335895905,
          0.11793296698465383,
          0.6527656697905375
        ],
        [
          0.0,
          0.0,
          0.0,
          1.0
        ]
      ]
    },
    {
      "file_path": "images/0700.jpg",
      "sharpness": 266.99856814884015,
      "transform_matrix": [
        [
          -0.09501018082675249,
          0.12092039474488464,
          -0.9881049153330707,
          -4.059675685012908
        ],
        [
          -0.9912376213980425,
          0.08000891105394677,
          0.10510257883202292,
          0.4472311806899134
        ],
        [
          0.09176624360392482,
          0.9894325809866558,
          0.11225918335844483,
          0.6735189545285731
        ],
        [
          0.0,
          0.0,
          0.0,
          1.0
        ]
      ]
    },
    {
      "file_path": "images/0699.jpg",
      "sharpness": 363.53366218793235,
      "transform_matrix": [
        [
          -0.09821334953913732,
          0.1131183565349938,
          -0.9887155179415819,
          -4.079198900300896
        ],
        [
          -0.9905974465197054,
          0.08397089555750897,
          0.10800734997183195,
          0.48353140376752074
        ],
        [
          0.09524094141567446,
          0.990026831022919,
          0.10380769222156654,
          0.6708495822428049
        ],
        [
          0.0,
          0.0,
          0.0,
          1.0
        ]
      ]
    },
    {
      "file_path": "images/0694.jpg",
      "sharpness": 546.795565294871,
      "transform_matrix": [
        [
          -0.10914874008131427,
          0.13367622877555294,
          -0.9849960499567361,
          -4.09329895021881
        ],
        [
          -0.9848391787523813,
          0.1198627442145388,
          0.12539822384596966,
          0.683317054159744
        ],
        [
          0.13482709124717723,
          0.9837497590549543,
          0.11856671985232531,
          0.6559918981247644
        ],
        [
          0.0,
          0.0,
          0.0,
          1.0
        ]
      ]
    },
    {
      "file_path": "images/0697.jpg",
      "sharpness": 260.79355492558375,
      "transform_matrix": [
        [
          -0.10032780398114874,
          0.12018310312709443,
          -0.9876691518430794,
          -4.07405428291014
        ],
        [
          -0.9899460971013518,
          0.08741885136153026,
          0.11119653439051158,
          0.5573953507427815
        ],
        [
          0.09970484733936918,
          0.9888953262001736,
          0.11020425249453963,
          0.6649328561250327
        ],
        [
          0.0,
          0.0,
          0.0,
          1.0
        ]
      ]
    },
    {
      "file_path": "images/0692.jpg",
      "sharpness": 493.362918898924,
      "transform_matrix": [
        [
          -0.11830646519716108,
          0.13531146629108304,
          -0.983714586358297,
          -4.1141862334173505
        ],
        [
          -0.9803788077896763,
          0.14139069208161906,
          0.1373537965605695,
          0.7655778919814463
        ],
        [
          0.15767362978924102,
          0.980662775531753,
          0.1159290610107685,
          0.6484354302911773
        ],
        [
          0.0,
          0.0,
          0.0,
          1.0
        ]
      ]
    },
    {
      "file_path": "images/0691.jpg",
      "sharpness": 334.59249989279556,
      "transform_matrix": [
        [
          -0.12311477021125539,
          0.1400197910176082,
          -0.9824648652804742,
          -4.119485480494056
        ],
        [
          -0.9794396138216993,
          0.14228508165361362,
          0.14301397979097555,
          0.8050504700705301
        ],
        [
          0.15981488114116763,
          0.979872141502659,
          0.1196235349094069,
          0.6431496296503633
        ],
        [
          0.0,
          0.0,
          0.0,
          1.0
        ]
      ]
    },
    {
      "file_path": "images/0688.jpg",
      "sharpness": 370.1004385584928,
      "transform_matrix": [
        [
          -0.14248701490219115,
          0.15800675459643576,
          -0.9771035339806776,
          -4.157778396815394
        ],
        [
          -0.9782942176070802,
          0.12757884990756893,
          0.16329133734782614,
          0.9226056667633638
        ],
        [
          0.1504588793739179,
          0.9791616325148189,
          0.13639876487656982,
          0.6311730294157357
        ],
        [
          0.0,
          0.0,
          0.0,
          1.0
        ]
      ]
    },
    {
      "file_path": "images/0689.jpg",
      "sharpness": 380.84013764737296,
      "transform_matrix": [
        [
          -0.1306837447757305,
          0.1551831207082547,
          -0.979203736680985,
          -4.140873250631952
        ],
        [
          -0.9796070294825849,
          0.1318277881928565,
          0.15162948937628876,
          0.8818717469706044
        ],
        [
          0.15261660014964626,
          0.9790503732384329,
          0.13479072687630664,
          0.6356563446957132
        ],
        [
          0.0,
          0.0,
          0.0,
          1.0
        ]
      ]
    },
    {
      "file_path": "images/0690.jpg",
      "sharpness": 295.8236777252317,
      "transform_matrix": [
        [
          -0.12467558877795709,
          0.14848562402031415,
          -0.9810239635470345,
          -4.121296417981284
        ],
        [
          -0.9799100577819524,
          0.13669745934367217,
          0.14522425164821853,
          0.8408270924011796
        ],
        [
          0.15566719700100778,
          0.9794211678839342,
          0.12845972018541224,
          0.6386448963686557
        ],
        [
          0.0,
          0.0,
          0.0,
          1.0
        ]
      ]
    },
    {
      "file_path": "images/0685.jpg",
      "sharpness": 344.85934774501925,
      "transform_matrix": [
        [
          -0.16849929539762112,
          0.17927438331357834,
          -0.9692619269162523,
          -4.204490901024337
        ],
        [
          -0.9769252140361162,
          0.10055465374890857,
          0.1884300607386038,
          1.0315698729362275
        ],
        [
          0.131244480389717,
          0.9786467478759047,
          0.1581942769841675,
          0.6229877761381143
        ],
        [
          0.0,
          0.0,
          0.0,
          1.0
        ]
      ]
    },
    {
      "file_path": "images/0687.jpg",
      "sharpness": 376.60343479246586,
      "transform_matrix": [
        [
          -0.15398348608112705,
          0.1602321441447049,
          -0.974994741538876,
          -4.184882778303522
        ],
        [
          -0.9771130990859517,
          0.12187347308093918,
          0.17434691896866528,
          0.960785454768715
        ],
        [
          0.14676197603836783,
          0.9795266798678564,
          0.1377984246926021,
          0.6262880611096054
        ],
        [
          0.0,
          0.0,
          0.0,
          1.0
        ]
      ]
    },
    {
      "file_path": "images/0682.jpg",
      "sharpness": 372.810091635508,
      "transform_matrix": [
        [
          -0.1904090152770712,
          0.20405177895090487,
          -0.9602641711735123,
          -4.205675761822435
        ],
        [
          -0.9744914937696285,
          0.07907308554457532,
          0.21003279675595157,
          1.1493931173566287
        ],
        [
          0.1187886167686796,
          0.9757614045865208,
          0.1837904945227552,
          0.618194537958915
        ],
        [
          0.0,
          0.0,
          0.0,
          1.0
        ]
      ]
    },
    {
      "file_path": "images/0676.jpg",
      "sharpness": 335.10621604353446,
      "transform_matrix": [
        [
          -0.23560311974864853,
          0.22374225205288598,
          -0.9457433978846335,
          -4.220540945522714
        ],
        [
          -0.967163520596525,
          0.04146656318608124,
          0.2507493740069931,
          1.36504153519032
        ],
        [
          0.09531995800737836,
          0.9737658490700908,
          0.20662569254976917,
          0.6115937557230106
        ],
        [
          0.0,
          0.0,
          0.0,
          1.0
        ]
      ]
    },
    {
      "file_path": "images/0686.jpg",
      "sharpness": 294.11127545562306,
      "transform_matrix": [
        [
          -0.1608974639978214,
          0.16760342221593968,
          -0.9726361596053995,
          -4.189118588010552
        ],
        [
          -0.977186002154796,
          0.11137238949170043,
          0.1808416656958917,
          0.993603850285419
        ],
        [
          0.13863449525114666,
          0.9795434057516058,
          0.1458601830740644,
          0.6178939813663645
        ],
        [
          0.0,
          0.0,
          0.0,
          1.0
        ]
      ]
    },
    {
      "file_path": "images/0680.jpg",
      "sharpness": 464.687151493996,
      "transform_matrix": [
        [
          -0.20270929853803235,
          0.21139397330227486,
          -0.9561493232592184,
          -4.206125737802882
        ],
        [
          -0.9724002533795734,
          0.07174096923505187,
          0.22201572142662634,
          1.2331780378327493
        ],
        [
          0.11552786467200082,
          0.9747644953607787,
          0.19101699165197109,
          0.6071330683233078
        ],
        [
          0.0,
          0.0,
          0.0,
          1.0
        ]
      ]
    },
    {
      "file_path": "images/0683.jpg",
      "sharpness": 329.86786907308135,
      "transform_matrix": [
        [
          -0.18470324379505093,
          0.19546829883734856,
          -0.9631598288511539,
          -4.200092658513623
        ],
        [
          -0.9751470319104283,
          0.08556907201839198,
          0.20436780585557507,
          1.1106055066987728
        ],
        [
          0.12236412010789728,
          0.9769698450283612,
          0.1748054462734919,
          0.6082646144683478
        ],
        [
          0.0,
          0.0,
          0.0,
          1.0
        ]
      ]
    },
    {
      "file_path": "images/0684.jpg",
      "sharpness": 382.0081015133916,
      "transform_matrix": [
        [
          -0.1785921649387368,
          0.1885202327984895,
          -0.9656940304669299,
          -4.199906145111316
        ],
        [
          -0.9754828176198628,
          0.09435551810000485,
          0.19882230441407298,
          1.0741261288187582
        ],
        [
          0.12860058768446223,
          0.9775260395819806,
          0.16704709161722706,
          0.6166354797199167
        ],
        [
          0.0,
          0.0,
          0.0,
          1.0
        ]
      ]
    },
    {
      "file_path": "images/0674.jpg",
      "sharpness": 367.64766212783985,
      "transform_matrix": [
        [
          -0.2643834705866232,
          0.22673255342225695,
          -0.9373866490037932,
          -4.216998593169215
        ],
        [
          -0.9582373766311476,
          0.048103071423788044,
          0.28189931632886656,
          1.4449996309532545
        ],
        [
          0.1090069287279673,
          0.9727684430374801,
          0.2045459502193279,
          0.6073828114133812
        ],
        [
          0.0,
          0.0,
          0.0,
          1.0
        ]
      ]
    },
    {
      "file_path": "images/0679.jpg",
      "sharpness": 444.48647851389586,
      "transform_matrix": [
        [
          -0.20991232223778647,
          0.21185759982098132,
          -0.9544910551713928,
          -4.216766755601103
        ],
        [
          -0.9713203825159109,
          0.06632886685955854,
          0.2283357088374496,
          1.2635446567066386
        ],
        [
          0.11168496534482732,
          0.9750470957089726,
          0.19185835842312746,
          0.6094835348813405
        ],
        [
          0.0,
          0.0,
          0.0,
          1.0
        ]
      ]
    },
    {
      "file_path": "images/0681.jpg",
      "sharpness": 439.92516842789234,
      "transform_matrix": [
        [
          -0.19773926281385965,
          0.2087285496501884,
          -0.9577742826648273,
          -4.19844307209417
        ],
        [
          -0.9729847970360916,
          0.07698231083741122,
          0.21765640021555963,
          1.1938819144817818
        ],
        [
          0.11916278227925704,
          0.9749390321503697,
          0.18786728012232942,
          0.6067810747163437
        ],
        [
          0.0,
          0.0,
          0.0,
          1.0
        ]
      ]
    },
    {
      "file_path": "images/0678.jpg",
      "sharpness": 365.4899908260219,
      "transform_matrix": [
        [
          -0.21926852080779172,
          0.212576527507563,
          -0.9522250447068455,
          -4.221229013412707
        ],
        [
          -0.9700346584064642,
          0.057196851854875955,
          0.23613826802992735,
          1.2926907028822352
        ],
        [
          0.10466172784405224,
          0.9754689847053222,
          0.19366513014495035,
          0.6106755173676034
        ],
        [
          0.0,
          0.0,
          0.0,
          1.0
        ]
      ]
    },
    {
      "file_path": "images/0673.jpg",
      "sharpness": 318.67764939960165,
      "transform_matrix": [
        [
          -0.27496752524655765,
          0.2254968828734922,
          -0.9346357664381817,
          -4.207463058601746
        ],
        [
          -0.9545290056131064,
          0.052434083397576284,
          0.29347068736338716,
          1.4863129765754368
        ],
        [
          0.11518349493896222,
          0.9728318573853985,
          0.2008256452276865,
          0.5905556406078379
        ],
        [
          0.0,
          0.0,
          0.0,
          1.0
        ]
      ]
    },
    {
      "file_path": "images/0677.jpg",
      "sharpness": 362.55275042156705,
      "transform_matrix": [
        [
          -0.22722288045543657,
          0.21699358494429077,
          -0.9493595455473781,
          -4.216529799861921
        ],
        [
          -0.9691148854744244,
          0.04555973089438417,
          0.24236470385093917,
          1.3304570783584875
        ],
        [
          0.09584415136973007,
          0.9751092733869384,
          0.19993949993537458,
          0.6033586125098691
        ],
        [
          0.0,
          0.0,
          0.0,
          1.0
        ]
      ]
    },
    {
      "file_path": "images/0675.jpg",
      "sharpness": 301.1471175021668,
      "transform_matrix": [
        [
          -0.25036589779421997,
          0.22504366699258113,
          -0.9416327655724345,
          -4.226207758457429
        ],
        [
          -0.9628749784094698,
          0.04352424181704758,
          0.2664158710123,
          1.4022237977042697
        ],
        [
          0.10093905674926043,
          0.973376077552832,
          0.20579193011833175,
          0.611213452681594
        ],
        [
          0.0,
          0.0,
          0.0,
          1.0
        ]
      ]
    },
    {
      "file_path": "images/0672.jpg",
      "sharpness": 254.96260032819782,
      "transform_matrix": [
        [
          -0.28694818941300837,
          0.22136975854738272,
          -0.9320172566131142,
          -4.223434284124983
        ],
        [
          -0.9504876674855545,
          0.05537857003536839,
          0.3057881749491588,
          1.5190932634278995
        ],
        [
          0.1193060373746614,
          0.9736162714400536,
          0.19451844504961177,
          0.5879082235742861
        ],
        [
          0.0,
          0.0,
          0.0,
          1.0
        ]
      ]
    },
    {
      "file_path": "images/0669.jpg",
      "sharpness": 179.202085405285,
      "transform_matrix": [
        [
          -0.33330933442100713,
          0.2331061448351071,
          -0.9135460649903235,
          -4.144812574527903
        ],
        [
          -0.9383423524044687,
          0.01227830138105037,
          0.3454893240018748,
          1.6250688074284403
        ],
        [
          0.09175247831118807,
          0.972373780285495,
          0.21464089584337298,
          0.5658084128455231
        ],
        [
          0.0,
          0.0,
          0.0,
          1.0
        ]
      ]
    },
    {
      "file_path": "images/0671.jpg",
      "sharpness": 294.2338054506073,
      "transform_matrix": [
        [
          -0.30247247626698126,
          0.22060972676208368,
          -0.9272765227213747,
          -4.210099744158337
        ],
        [
          -0.9462335557999099,
          0.04755401337942354,
          0.3199698012153599,
          1.5477675858525604
        ],
        [
          0.11468417058615639,
          0.9742022194086868,
          0.19436454601482575,
          0.5625537265822173
        ],
        [
          0.0,
          0.0,
          0.0,
          1.0
        ]
      ]
    },
    {
      "file_path": "images/0670.jpg",
      "sharpness": 232.9431476065226,
      "transform_matrix": [
        [
          -0.31856403675848566,
          0.2324386522210375,
          -0.9189609499152673,
          -4.180381904985787
        ],
        [
          -0.9425074021778486,
          0.025604704571652537,
          0.3332029350767937,
          1.5944528964150693
        ],
        [
          0.10097896478080942,
          0.9722739696653666,
          0.21091841222221658,
          0.5664788791839618
        ],
        [
          0.0,
          0.0,
          0.0,
          1.0
        ]
      ]
    },
    {
      "file_path": "images/0668.jpg",
      "sharpness": 226.61991137939012,
      "transform_matrix": [
        [
          -0.3526600788191484,
          0.21895587422213653,
          -0.9097742544072445,
          -4.162023823494406
        ],
        [
          -0.9315615763714847,
          0.009752620891652878,
          0.36345276971574597,
          1.6685655109712934
        ],
        [
          0.08845280233178804,
          0.9756860209927977,
          0.20053151929382643,
          0.5625493186554732
        ],
        [
          0.0,
          0.0,
          0.0,
          1.0
        ]
      ]
    },
    {
      "file_path": "images/0667.jpg",
      "sharpness": 205.14890174526036,
      "transform_matrix": [
        [
          -0.37317544358729465,
          0.2085654406244703,
          -0.9040135758449157,
          -4.158191326071837
        ],
        [
          -0.9237007712938089,
          0.007534672404248733,
          0.38304061641425374,
          1.7103262841084477
        ],
        [
          0.0867004810824925,
          0.9779793892103636,
          0.1898403036533161,
          0.5618796852634301
        ],
        [
          0.0,
          0.0,
          0.0,
          1.0
        ]
      ]
    },
    {
      "file_path": "images/0656.jpg",
      "sharpness": 206.82771724098862,
      "transform_matrix": [
        [
          -0.4858225830608723,
          0.16041205558021118,
          -0.8592114933146309,
          -4.005038334589413
        ],
        [
          -0.8709098951178565,
          -0.005490936385966724,
          0.49141205134127275,
          2.1586863270611443
        ],
        [
          0.07411054164065975,
          0.987034863656562,
          0.14237206739945496,
          0.553308900974368
        ],
        [
          0.0,
          0.0,
          0.0,
          1.0
        ]
      ]
    },
    {
      "file_path": "images/0665.jpg",
      "sharpness": 208.54636601133083,
      "transform_matrix": [
        [
          -0.4089234039531504,
          0.1955911861880201,
          -0.8913617321919854,
          -4.122593091078612
        ],
        [
          -0.9090356775395423,
          -0.0014389049014057562,
          0.41671581025074866,
          1.7942979741943594
        ],
        [
          0.08022335486486935,
          0.9806844637647939,
          0.17838776834743766,
          0.5703641601759383
        ],
        [
          0.0,
          0.0,
          0.0,
          1.0
        ]
      ]
    },
    {
      "file_path": "images/0664.jpg",
      "sharpness": 195.36545788780208,
      "transform_matrix": [
        [
          -0.4257202626536206,
          0.1870851098482511,
          -0.885303010087826,
          -4.111621553398944
        ],
        [
          -0.9012734046823979,
          -0.0007089421326536833,
          0.43325021340246306,
          1.8407068346820685
        ],
        [
          0.08042703516216172,
          0.9823434527218644,
          0.16891664494923328,
          0.5675404618564623
        ],
        [
          0.0,
          0.0,
          0.0,
          1.0
        ]
      ]
    },
    {
      "file_path": "images/0666.jpg",
      "sharpness": 184.20954455266715,
      "transform_matrix": [
        [
          -0.39168264828695776,
          0.20375937227258656,
          -0.8972551595133694,
          -4.131459850239233
        ],
        [
          -0.9162596127899811,
          0.0026314788808022797,
          0.40057633141373017,
          1.7528163257861162
        ],
        [
          0.08398228983906758,
          0.979017463358737,
          0.1856657789238661,
          0.5647618553155643
        ],
        [
          0.0,
          0.0,
          0.0,
          1.0
        ]
      ]
    },
    {
      "file_path": "images/0663.jpg",
      "sharpness": 273.4448708363257,
      "transform_matrix": [
        [
          -0.4380289684581644,
          0.18147157861799731,
          -0.880453683606772,
          -4.09565873262286
        ],
        [
          -0.8956601822478969,
          -0.004247579782750552,
          0.4447187830547324,
          1.8795004875468846
        ],
        [
          0.07696402233588055,
          0.9833870165155085,
          0.1643974301684911,
          0.5693242805002492
        ],
        [
          0.0,
          0.0,
          0.0,
          1.0
        ]
      ]
    },
    {
      "file_path": "images/0659.jpg",
      "sharpness": 367.7264971157065,
      "transform_matrix": [
        [
          -0.4733276543325891,
          0.15757605977034778,
          -0.8666779777187293,
          -4.047285442603478
        ],
        [
          -0.8781062495101029,
          -0.006296685099385342,
          0.4784242534906534,
          2.050543378218938
        ],
        [
          0.06993101045536027,
          0.987486778228145,
          0.14134891804568284,
          0.5661899091589744
        ],
        [
          0.0,
          0.0,
          0.0,
          1.0
        ]
      ]
    },
    {
      "file_path": "images/0662.jpg",
      "sharpness": 205.35608423659679,
      "transform_matrix": [
        [
          -0.4494581905413005,
          0.17583748340265679,
          -0.8758244769457669,
          -4.079209078853948
        ],
        [
          -0.890111475753204,
          -0.005373610560257129,
          0.45571118599616245,
          1.9268761349037
        ],
        [
          0.07542476844575782,
          0.9844045427422398,
          0.15893017512335517,
          0.5727643960702762
        ],
        [
          0.0,
          0.0,
          0.0,
          1.0
        ]
      ]
    },
    {
      "file_path": "images/0660.jpg",
      "sharpness": 322.61923215122545,
      "transform_matrix": [
        [
          -0.46804039279805043,
          0.15890461085992913,
          -0.8693028904750439,
          -4.072835768106958
        ],
        [
          -0.8807235692600911,
          -0.00311256747734819,
          0.4736204244682586,
          2.0148031435620357
        ],
        [
          0.07255470534058568,
          0.9872890339725984,
          0.14140784335315126,
          0.5734536295597611
        ],
        [
          0.0,
          0.0,
          0.0,
          1.0
        ]
      ]
    },
    {
      "file_path": "images/0658.jpg",
      "sharpness": 313.1013665167393,
      "transform_matrix": [
        [
          -0.4776246510137642,
          0.1576288402988737,
          -0.8643077238353114,
          -4.037505821394552
        ],
        [
          -0.8757321235400642,
          -0.006493380029118848,
          0.48275364712846613,
          2.0838730510342187
        ],
        [
          0.07048361903394644,
          0.9874770806217329,
          0.14114203741639808,
          0.5724251402092739
        ],
        [
          0.0,
          0.0,
          0.0,
          1.0
        ]
      ]
    },
    {
      "file_path": "images/0661.jpg",
      "sharpness": 254.1569549013879,
      "transform_matrix": [
        [
          -0.46029391408867476,
          0.16660933147632606,
          -0.8719924560162806,
          -4.080798173684703
        ],
        [
          -0.8845971225151535,
          -0.00315126953819746,
          0.46634536594485104,
          1.9781847342484515
        ],
        [
          0.07494960639297221,
          0.9860179512547943,
          0.14883264539821672,
          0.5859458686424635
        ],
        [
          0.0,
          0.0,
          0.0,
          1.0
        ]
      ]
    },
    {
      "file_path": "images/0653.jpg",
      "sharpness": 256.9618561266715,
      "transform_matrix": [
        [
          -0.4862539478220156,
          0.16568909116502156,
          -0.8579651644022495,
          -3.95493884848416
        ],
        [
          -0.869872527212466,
          0.0014089459199429749,
          0.49327456986187806,
          2.267593507988789
        ],
        [
          0.08293904169306922,
          0.9861770327743891,
          0.1434432829474141,
          0.5469433278813902
        ],
        [
          0.0,
          0.0,
          0.0,
          1.0
        ]
      ]
    },
    {
      "file_path": "images/0657.jpg",
      "sharpness": 353.34922846181865,
      "transform_matrix": [
        [
          -0.48317584119231133,
          0.15656740602418234,
          -0.861410328409363,
          -4.028461595315591
        ],
        [
          -0.8725117525710173,
          -0.004572247166794619,
          0.4885717308454576,
          2.1262000084303403
        ],
        [
          0.07255582762170092,
          0.9876566923572667,
          0.1388161011966126,
          0.5642993127635736
        ],
        [
          0.0,
          0.0,
          0.0,
          1.0
        ]
      ]
    },
    {
      "file_path": "images/0654.jpg",
      "sharpness": 267.7512402960111,
      "transform_matrix": [
        [
          -0.48604585561643904,
          0.16697937930464973,
          -0.8578329168063455,
          -3.966407048062375
        ],
        [
          -0.8699244172829667,
          0.001469327632682836,
          0.49318287611313827,
          2.2385188877197324
        ],
        [
          0.0836118081459423,
          0.9859592932746952,
          0.1445452786334608,
          0.5588673005204069
        ],
        [
          0.0,
          0.0,
          0.0,
          1.0
        ]
      ]
    },
    {
      "file_path": "images/0655.jpg",
      "sharpness": 279.4216383032386,
      "transform_matrix": [
        [
          -0.48691446189627585,
          0.16569388706919314,
          -0.8575895537000942,
          -3.9741974500985178
        ],
        [
          -0.8699962871492012,
          -0.00478002555152211,
          0.493035101896772,
          2.1953719629205675
        ],
        [
          0.07759360251542695,
          0.986165648953065,
          0.14648053012278697,
          0.5554846697116719
        ],
        [
          0.0,
          0.0,
          0.0,
          1.0
        ]
      ]
    },
    {
      "file_path": "images/0647.jpg",
      "sharpness": 169.7983195309724,
      "transform_matrix": [
        [
          -0.5186653487263497,
          0.15930822285182925,
          -0.8400042536759746,
          -3.8713108928854116
        ],
        [
          -0.8502950131644808,
          0.006569550421012756,
          0.5262653623362551,
          2.481642693190959
        ],
        [
          0.08935684992065239,
          0.9872070356163658,
          0.13205158928691624,
          0.5364681425608809
        ],
        [
          0.0,
          0.0,
          0.0,
          1.0
        ]
      ]
    },
    {
      "file_path": "images/0651.jpg",
      "sharpness": 195.56014135488826,
      "transform_matrix": [
        [
          -0.48315645570641624,
          0.17521163521867653,
          -0.8578232464934585,
          -3.8769600988165176
        ],
        [
          -0.8722201439590844,
          -0.011158247776412356,
          0.48898621041761825,
          2.334986468578795
        ],
        [
          0.07610426919391429,
          0.9844675598626619,
          0.15821429714128604,
          0.5425976043032668
        ],
        [
          0.0,
          0.0,
          0.0,
          1.0
        ]
      ]
    },
    {
      "file_path": "images/0650.jpg",
      "sharpness": 181.75969742292497,
      "transform_matrix": [
        [
          -0.48801241844768306,
          0.16838672510833871,
          -0.8564401848812893,
          -3.893392857275966
        ],
        [
          -0.8690292151760947,
          -0.0021865047124829625,
          0.49475594222565067,
          2.3890326421171824
        ],
        [
          0.08143772233906507,
          0.9857185856195592,
          0.1474000250196586,
          0.5449373699986222
        ],
        [
          0.0,
          0.0,
          0.0,
          1.0
        ]
      ]
    },
    {
      "file_path": "images/0649.jpg",
      "sharpness": 280.7170717675715,
      "transform_matrix": [
        [
          -0.4934892489717978,
          0.162872541604012,
          -0.8543657860495496,
          -3.896501185555508
        ],
        [
          -0.8655906747257254,
          0.004004305544179311,
          0.5007362073637179,
          2.4136229930744815
        ],
        [
          0.0849773204203177,
          0.9866389921141131,
          0.13900487144565996,
          0.5341144662572885
        ],
        [
          0.0,
          0.0,
          0.0,
          1.0
        ]
      ]
    },
    {
      "file_path": "images/0652.jpg",
      "sharpness": 140.9485923202732,
      "transform_matrix": [
        [
          -0.485040681675268,
          0.17094076357532562,
          -0.8576215905046004,
          -3.907938676095412
        ],
        [
          -0.8708509875659864,
          -0.005023747487247717,
          0.491521433323674,
          2.3077092843638507
        ],
        [
          0.07971257481568053,
          0.9852685001261638,
          0.1513006546806353,
          0.5280117362351315
        ],
        [
          0.0,
          0.0,
          0.0,
          1.0
        ]
      ]
    },
    {
      "file_path": "images/0648.jpg",
      "sharpness": 232.75331398027507,
      "transform_matrix": [
        [
          -0.5038023438244277,
          0.1621482457574551,
          -0.848463991449347,
          -3.8812224193367246
        ],
        [
          -0.8594605169869503,
          0.00445227044753001,
          0.5111827432811228,
          2.444546428078998
        ],
        [
          0.0866649762394409,
          0.9867563649234987,
          0.13711695084042377,
          0.5341911967261188
        ],
        [
          0.0,
          0.0,
          0.0,
          1.0
        ]
      ]
    },
    {
      "file_path": "images/0646.jpg",
      "sharpness": 287.21169326791903,
      "transform_matrix": [
        [
          -0.5320848908768876,
          0.15283974938515243,
          -0.8327818921781258,
          -3.853965028707105
        ],
        [
          -0.8424932990890907,
          0.0022469911376267054,
          0.5387021366403104,
          2.5178044504248582
        ],
        [
          0.08420635308865146,
