{
  "camera_angle_x": 0.7032990822796289,
  "camera_angle_y": 1.152124095452309,
  "fl_x": 414.2829968210711,
  "fl_y": 415.6694434374948,
  "k1": 0.03485022759360872,
  "k2": -0.03609137345420524,
  "p1": 0.008881066160484489,
  "p2": -0.0064098480571917575,
  "cx": 153.98268481523016,
  "cy": 286.4077823312255,
  "w": 304.0,
  "h": 540.0,
  "aabb_scale": 16,
  "frames": [
    {
      "file_path": "images/0331.jpg",
      "sharpness": 188.29156777524614,
      "transform_matrix": [
        [
          0.4922208510230103,
          -0.1155419275592998,
          0.8627680434549388,
          3.951953497047663
        ],
        [
          0.8674880559122448,
          0.1470860671483349,
          -0.47521591061379315,
          -2.35395259842473
        ],
        [
          -0.07199379605388502,
          0.9823521526619319,
          0.17263007126015145,
          0.6164354340207244
        ],
        [
          0.0,
          0.0,
          0.0,
          1.0
        ]
      ]
    },
    {
      "file_path": "images/0336.jpg",
      "sharpness": 135.05588375468213,
      "transform_matrix": [
        [
          0.5873296519235737,
          -0.11559225408162295,
          0.8010507541851898,
          3.7826895168885404
        ],
        [
          0.8068449766361612,
          0.1614010927924189,
          -0.5682876656434419,
          -2.5126682220840486
        ],
        [
          -0.06360081486917184,
          0.9800959738997517,
          0.18806067719366407,
          0.7214908493350336
        ],
        [
          0.0,
          0.0,
          0.0,
          1.0
        ]
      ]
    },
    {
      "file_path": "images/0332.jpg",
      "sharpness": 202.27816584530754,
      "transform_matrix": [
        [
          0.5065970507449334,
          -0.11832578641026224,
          0.8540248453411213,
          3.9102597887436756
        ],
        [
          0.8592515308987988,
          0.15090113147896134,
          -0.4887899908616241,
          -2.382315737001109
        ],
        [
          -0.07103685541495353,
          0.9814417235891102,
          0.17811768127913738,
          0.6517327446404032
        ],
        [
          0.0,
          0.0,
          0.0,
          1.0
        ]
      ]
    },
    {
      "file_path": "images/0330.jpg",
      "sharpness": 239.35164256366033,
      "transform_matrix": [
        [
          0.478071996493822,
          -0.1115888686313667,
          0.871203242980064,
          3.983130257965718
        ],
        [
          0.8753063288289303,
          0.14263598580413545,
          -0.462053899740896,
          -2.3183103140773094
        ],
        [
          -0.07270486147942364,
          0.9834647426136249,
          0.1658647134451429,
          0.5920440415497371
        ],
        [
          0.0,
          0.0,
          0.0,
          1.0
        ]
      ]
    },
    {
      "file_path": "images/0334.jpg",
      "sharpness": 97.27009011794702,
      "transform_matrix": [
        [
          0.5326927599749557,
          -0.11450099861160012,
          0.8385272475001684,
          3.860230588500367
        ],
        [
          0.8434348158193694,
          0.15340970729652637,
          -0.5148622856366616,
          -2.4377015704032807
        ],
        [
          -0.06968597374631409,
          0.9815064864976347,
          0.1782943690618456,
          0.6757100685164382
        ],
        [
          0.0,
          0.0,
          0.0,
          1.0
        ]
      ]
    },
    {
      "file_path": "images/0335.jpg",
      "sharpness": 49.23099956737489,
      "transform_matrix": [
        [
          0.49719228684488653,
          -0.10867948732531443,
          0.8608069463878976,
          3.977256964998818
        ],
        [
          0.8633997274753156,
          0.1599439568137698,
          -0.47849643809998516,
          -2.142794294012162
        ],
        [
          -0.08567812147836348,
          0.9811252212262335,
          0.17335674139409146,
          0.6447996740511737
        ],
        [
          0.0,
          0.0,
          0.0,
          1.0
        ]
      ]
    },
    {
      "file_path": "images/0333.jpg",
      "sharpness": 145.85230206100928,
      "transform_matrix": [
        [
          0.516032319228303,
          -0.11113248934565867,
          0.8493292738018008,
          3.9133486876419763
        ],
        [
          0.8536542448300654,
          0.14845399761083156,
          -0.49923525604372243,
          -2.4152237550597344
        ],
        [
          -0.07060506921052559,
          0.9826550668561216,
          0.1714757819542839,
          0.633237087668476
        ],
        [
          0.0,
          0.0,
          0.0,
          1.0
        ]
      ]
    },
    {
      "file_path": "images/0329.jpg",
      "sharpness": 183.72105228959333,
      "transform_matrix": [
        [
          0.4754604500408576,
          -0.10517373206418731,
          0.8734276424201571,
          4.00427331490244
        ],
        [
          0.8766273503982713,
          0.14004578112099947,
          -0.4603386446128355,
          -2.325531656639227
        ],
        [
          -0.0739043231681024,
          0.9845433790782081,
          0.15878440018904008,
          0.5767288135604737
        ],
        [
          0.0,
          0.0,
          0.0,
          1.0
        ]
      ]
    },
    {
      "file_path": "images/0328.jpg",
      "sharpness": 170.50075170194222,
      "transform_matrix": [
        [
          0.47234442676857846,
          -0.10254268047150591,
          0.8754288898564976,
          4.0130492959976145
        ],
        [
          0.8784496403413325,
          0.13615701716692274,
          -0.45802565000276624,
          -2.3144532931939854
        ],
        [
          -0.07222860850862374,
          0.9853660565347144,
          0.15439158900406022,
          0.588115091990154
        ],
        [
          0.0,
          0.0,
          0.0,
          1.0
        ]
      ]
    },
    {
      "file_path": "images/0326.jpg",
      "sharpness": 272.496771861034,
      "transform_matrix": [
        [
          0.44531910044945294,
          -0.09566811027520593,
          0.8902463206687569,
          4.09420437414305
        ],
        [
          0.8916972743405283,
          0.13737343718364825,
          -0.4312824013220222,
          -2.2440146856545335
        ],
        [
          -0.08103622468093258,
          0.9858885086284174,
          0.14648200864598188,
          0.5997619771246535
        ],
        [
          0.0,
          0.0,
          0.0,
          1.0
        ]
      ]
    },
    {
      "file_path": "images/0342.jpg",
      "sharpness": 282.48458577499014,
      "transform_matrix": [
        [
          0.6623723475245512,
          -0.09684337730196499,
          0.7428891125333322,
          3.606306213773663
        ],
        [
          0.7462182075636767,
          0.17329453505200457,
          -0.642749866450107,
          -2.6873994058784776
        ],
        [
          -0.06649255552424482,
          0.9800971198848429,
          0.18705179942025701,
          0.7247552861570442
        ],
        [
          0.0,
          0.0,
          0.0,
          1.0
        ]
      ]
    },
    {
      "file_path": "images/0327.jpg",
      "sharpness": 186.52130593467865,
      "transform_matrix": [
        [
          0.4522486642037965,
          -0.09676758752167076,
          0.8866268548516425,
          4.081174469985441
        ],
        [
          0.8886735045189613,
          0.13326570436116597,
          -0.4387478255298558,
          -2.2485759104167533
        ],
        [
          -0.07570038371042632,
          0.9863449123198312,
          0.14626402790824386,
          0.5842801307291478
        ],
        [
          0.0,
          0.0,
          0.0,
          1.0
        ]
      ]
    },
    {
      "file_path": "images/0325.jpg",
      "sharpness": 219.61354256779273,
      "transform_matrix": [
        [
          0.43367777917074724,
          -0.08923694668198368,
          0.8966383614442354,
          4.14552803041233
        ],
        [
          0.8970916552830429,
          0.13614082439441344,
          -0.4203477583558721,
          -2.2103081836088925
        ],
        [
          -0.08455853521037994,
          0.9866622741814611,
          0.13909497058918932,
          0.5756804832857176
        ],
        [
          0.0,
          0.0,
          0.0,
          1.0
        ]
      ]
    },
    {
      "file_path": "images/0324.jpg",
      "sharpness": 224.2278008875936,
      "transform_matrix": [
        [
          0.4258538902895184,
          -0.0865371790260851,
          0.9006440921831931,
          4.186991920246551
        ],
        [
          0.9010130810159186,
          0.13144064507986927,
          -0.4133990622379987,
          -2.1817077743648507
        ],
        [
          -0.08260685180582673,
          0.9875397072928545,
          0.13394564034614526,
          0.5768111620238997
        ],
        [
          0.0,
          0.0,
          0.0,
          1.0
        ]
      ]
    },
    {
      "file_path": "images/0322.jpg",
      "sharpness": 269.96751862748926,
      "transform_matrix": [
        [
          0.40234845556420923,
          -0.09035453121029188,
          0.9110168928224449,
          4.256465604165601
        ],
        [
          0.911983845482641,
          0.12652473527344263,
          -0.3902268019277337,
          -2.0481920849156565
        ],
        [
          -0.08000741144012224,
          0.9878398402912444,
          0.13330890465788336,
          0.5688419566082443
        ],
        [
          0.0,
          0.0,
          0.0,
          1.0
        ]
      ]
    },
    {
      "file_path": "images/0320.jpg",
      "sharpness": 227.02603462508887,
      "transform_matrix": [
        [
          0.39232772087630313,
          -0.09630937641228111,
          0.9147696231620731,
          4.24305756682167
        ],
        [
          0.9166419432152131,
          0.12360631300492819,
          -0.38011712316604807,
          -2.0223535483297357
        ],
        [
          -0.07646245727221901,
          0.9876466895673235,
          0.13677539701154523,
          0.5278489175420704
        ],
        [
          0.0,
          0.0,
          0.0,
          1.0
        ]
      ]
    },
    {
      "file_path": "images/0321.jpg",
      "sharpness": 156.56375952479533,
      "transform_matrix": [
        [
          0.40736267363434625,
          -0.10173262407412556,
          0.9075825721891468,
          4.204162614398536
        ],
        [
          0.9098436490565251,
          0.1311664957890858,
          -0.3936748463567179,
          -2.07366647841951
        ],
        [
          -0.07899485048144826,
          0.9861266772551435,
          0.14599311633158832,
          0.6028132029891994
        ],
        [
          0.0,
          0.0,
          0.0,
          1.0
        ]
      ]
    },
    {
      "file_path": "images/0319.jpg",
      "sharpness": 141.3580601670172,
      "transform_matrix": [
        [
          0.38864960203433385,
          -0.10196550381399092,
          0.91572622703705,
          4.239963967924681
        ],
        [
          0.9186254581220467,
          0.1197520150506168,
          -0.37654577753766344,
          -1.9559791956208883
        ],
        [
          -0.07126538100672655,
          0.987553791414005,
          0.14020968064600453,
          0.5756659304014244
        ],
        [
          0.0,
          0.0,
          0.0,
          1.0
        ]
      ]
    },
    {
      "file_path": "images/0318.jpg",
      "sharpness": 315.97668871390033,
      "transform_matrix": [
        [
          0.3875266874186039,
          -0.08817924851874524,
          0.9176314547148169,
          4.271764022003655
        ],
        [
          0.9194672833925166,
          0.10862174661067732,
          -0.37786403763006887,
          -1.9431578740187578
        ],
        [
          -0.06635496447554169,
          0.9901644996195552,
          0.12317175973278305,
          0.5230337580088122
        ],
        [
          0.0,
          0.0,
          0.0,
          1.0
        ]
      ]
    },
    {
      "file_path": "images/0314.jpg",
      "sharpness": 235.12343391089556,
      "transform_matrix": [
        [
          0.32581173044781114,
          -0.12332667151060427,
          0.9373565215059404,
          4.245171167478405
        ],
        [
          0.9437588222217356,
          0.10143114291311948,
          -0.31469192669346957,
          -1.752102061415623
        ],
        [
          -0.05626723542304889,
          0.987168807932264,
          0.14943809044719747,
          0.460689083717442
        ],
        [
          0.0,
          0.0,
          0.0,
          1.0
        ]
      ]
    },
    {
      "file_path": "images/0317.jpg",
      "sharpness": 158.3492858890105,
      "transform_matrix": [
        [
          0.37200878455047526,
          -0.10620071790372657,
          0.9221338686692996,
          4.254426025854724
        ],
        [
          0.9263015983431879,
          0.1064636612876425,
          -0.3614288833673263,
          -1.8528590008916437
        ],
        [
          -0.05978974097111938,
          0.9886287960376741,
          0.1379793119738253,
          0.5662850210664604
        ],
        [
          0.0,
          0.0,
          0.0,
          1.0
        ]
      ]
    },
    {
      "file_path": "images/0313.jpg",
      "sharpness": 169.8986107250415,
      "transform_matrix": [
        [
          0.3246662555983325,
          -0.12591070640965138,
          0.9374104311880568,
          4.238126399703114
        ],
        [
          0.9445727979340522,
          0.0942192440137872,
          -0.3144915952145194,
          -1.7444841617035616
        ],
        [
          -0.04872424324381872,
          0.987557202435314,
          0.14952163740247937,
          0.4313224493853551
        ],
        [
          0.0,
          0.0,
          0.0,
          1.0
        ]
      ]
    },
    {
      "file_path": "images/0315.jpg",
      "sharpness": 133.96352231939716,
      "transform_matrix": [
        [
          0.33004454798282923,
          -0.13193972058938636,
          0.9346991529313603,
          4.228066797396044
        ],
        [
          0.9422071210183737,
          0.10645224495115846,
          -0.3176691055913266,
          -1.7266726881812293
        ],
        [
          -0.05758765015188953,
          0.9855251542647685,
          0.15944852735115683,
          0.5410994646646029
        ],
        [
          0.0,
          0.0,
          0.0,
          1.0
        ]
      ]
    },
    {
      "file_path": "images/0316.jpg",
      "sharpness": 141.72294040601642,
      "transform_matrix": [
        [
          0.3574296971028613,
          -0.127225445568738,
          0.9252338610544855,
          4.21213648356183
        ],
        [
          0.9323157391770278,
          0.10700872120845535,
          -0.34545114859874254,
          -1.7944552325124838
        ],
        [
          -0.055057915987494814,
          0.9860845904881121,
          0.15686238013644738,
          0.5933697969364805
        ],
        [
          0.0,
          0.0,
          0.0,
          1.0
        ]
      ]
    },
    {
      "file_path": "images/0312.jpg",
      "sharpness": 189.1836135453834,
      "transform_matrix": [
        [
          0.3078333954766754,
          -0.13244475473421452,
          0.94217672842503,
          4.241091149610221
        ],
        [
          0.9505589628529836,
          0.08542487346790127,
          -0.2985636433541771,
          -1.657298380836973
        ],
        [
          -0.040942139293511856,
          0.987502393895517,
          0.15219317755326217,
          0.40122965875303673
        ],
        [
          0.0,
          0.0,
          0.0,
          1.0
        ]
      ]
    },
    {
      "file_path": "images/0311.jpg",
      "sharpness": 187.77511568994015,
      "transform_matrix": [
        [
          0.31118590137155816,
          -0.12975580710889903,
          0.941449289830359,
          4.2541343096572115
        ],
        [
          0.9497249529612481,
          0.07835576400515927,
          -0.303121902821274,
          -1.6574966378851004
        ],
        [
          -0.03443615122381271,
          0.988445145054438,
          0.14761553685255052,
          0.3806390176317505
        ],
        [
          0.0,
          0.0,
          0.0,
          1.0
        ]
      ]
    },
    {
      "file_path": "images/0310.jpg",
      "sharpness": 194.82070427293007,
      "transform_matrix": [
        [
          0.30953454171214134,
          -0.12935302714387667,
          0.9420489169192691,
          4.257017117276103
        ],
        [
          0.9504378032657723,
          0.07257602863928887,
          -0.30232549047400703,
          -1.6222283999955012
        ],
        [
          -0.029263451798373866,
          0.9889390853074207,
          0.14540679472855353,
          0.3684261838287953
        ],
        [
          0.0,
          0.0,
          0.0,
          1.0
        ]
      ]
    },
    {
      "file_path": "images/0309.jpg",
      "sharpness": 148.0340131244977,
      "transform_matrix": [
        [
          0.3073835101359989,
          -0.1453812904198532,
          0.9404146203166603,
          4.199555973095676
        ],
        [
          0.9513301624504495,
          0.06985091542004115,
          -0.30015291374073044,
          -1.5788699581405268
        ],
        [
          -0.022052204180602858,
          0.9869068497197999,
          0.15977662620039995,
          0.3845496937382423
        ],
        [
          0.0,
          0.0,
          0.0,
          1.0
        ]
      ]
    },
    {
      "file_path": "images/0306.jpg",
      "sharpness": 172.44109908636273,
      "transform_matrix": [
        [
          0.2894257082397588,
          -0.15341779235494574,
          0.9448257725167358,
          4.229099251242835
        ],
        [
          0.9571970855067939,
          0.04375944055824658,
          -0.2861098580255415,
          -1.4387989106321433
        ],
        [
          0.0025492955589200422,
          0.987192024058144,
          0.1595161707827867,
          0.2924257150659142
        ],
        [
          0.0,
          0.0,
          0.0,
          1.0
        ]
      ]
    },
    {
      "file_path": "images/0308.jpg",
      "sharpness": 202.62838275024794,
      "transform_matrix": [
        [
          0.3020673695938484,
          -0.1434627151237349,
          0.9424297075161506,
          4.222169096987942
        ],
        [
          0.9531902623045488,
          0.05950743583765838,
          -0.2964577354832887,
          -1.5542376841286263
        ],
        [
          -0.013550943699653838,
          0.9878650284641048,
          0.1547225176744718,
          0.32591254095813377
        ],
        [
          0.0,
          0.0,
          0.0,
          1.0
        ]
      ]
    },
    {
      "file_path": "images/0307.jpg",
      "sharpness": 179.53028609883285,
      "transform_matrix": [
        [
          0.29989132919454675,
          -0.14631335134061496,
          0.9426863709136799,
          4.232797378440706
        ],
        [
          0.9539587449792778,
          0.05146612759955183,
          -0.2954893409034154,
          -1.5092411524475742
        ],
        [
          -0.005282381298793699,
          0.9878985985122296,
          0.15501114643293099,
          0.30965795417960007
        ],
        [
          0.0,
          0.0,
          0.0,
          1.0
        ]
      ]
    },
    {
      "file_path": "images/0305.jpg",
      "sharpness": 216.1216769689448,
      "transform_matrix": [
        [
          0.28025825690541234,
          -0.15055613131799758,
          0.948044387553608,
          4.241008559712802
        ],
        [
          0.9598837233847112,
          0.03483587166725073,
          -0.27822598661223774,
          -1.3939223010271624
        ],
        [
          0.008862675556796692,
          0.9879875066926699,
          0.15427942057916139,
          0.2372359012852531
        ],
        [
          0.0,
          0.0,
          0.0,
          1.0
        ]
      ]
    },
    {
      "file_path": "images/0303.jpg",
      "sharpness": 187.5129053727937,
      "transform_matrix": [
        [
          0.2706667186057984,
          -0.16224795843600856,
          0.948902064196045,
          4.227419794197412
        ],
        [
          0.9623870122636426,
          0.02157469746830685,
          -0.2708242438473293,
          -1.3266462631003784
        ],
        [
          0.02346840569712338,
          0.9865141318934879,
          0.1619848805337654,
          0.21384391520937682
        ],
        [
          0.0,
          0.0,
          0.0,
          1.0
        ]
      ]
    },
    {
      "file_path": "images/0304.jpg",
      "sharpness": 182.25986902186517,
      "transform_matrix": [
        [
          0.2778598433216174,
          -0.15385994957780044,
          0.9482199235399987,
          4.243527456717834
        ],
        [
          0.9604863041364283,
          0.027929978582101108,
          -0.27692232821283086,
          -1.3722928455632586
        ],
        [
          0.016123493300199555,
          0.9876978445989347,
          0.15554099379739755,
          0.21796269607785096
        ],
        [
          0.0,
          0.0,
          0.0,
          1.0
        ]
      ]
    },
    {
      "file_path": "images/0302.jpg",
      "sharpness": 162.97105409922992,
      "transform_matrix": [
        [
          0.2592744651066566,
          -0.17060844255251956,
          0.9506153328694308,
          4.2176942755847096
        ],
        [
          0.9654677548239863,
          0.019826697354994576,
          -0.25976704268862044,
          -1.2904486018911276
        ],
        [
          0.02547088807375978,
          0.985139412172136,
          0.16985750633674593,
          0.20535873840821062
        ],
        [
          0.0,
          0.0,
          0.0,
          1.0
        ]
      ]
    },
    {
      "file_path": "images/0299.jpg",
      "sharpness": 335.4835313107677,
      "transform_matrix": [
        [
          0.2300254105726255,
          -0.16335991597836455,
          0.9593757597289159,
          4.231044629566123
        ],
        [
          0.9727654695905293,
          0.009665559480561397,
          -0.2315899784798805,
          -1.1267307101094455
        ],
        [
          0.0285596159560359,
          0.9865191913108099,
          0.1611342096668935,
          0.09828892005280636
        ],
        [
          0.0,
          0.0,
          0.0,
          1.0
        ]
      ]
    },
    {
      "file_path": "images/0301.jpg",
      "sharpness": 176.0661162478709,
      "transform_matrix": [
        [
          0.25215647187137136,
          -0.16971454814642814,
          0.9526878218250898,
          4.223454682004452
        ],
        [
          0.9672746905619367,
          0.01548694935636028,
          -0.2532584201917291,
          -1.25372549935886
        ],
        [
          0.028227410298091202,
          0.9853715677652528,
          0.1680657215519456,
          0.1569887322877593
        ],
        [
          0.0,
          0.0,
          0.0,
          1.0
        ]
      ]
    },
    {
      "file_path": "images/0300.jpg",
      "sharpness": 278.84540194466297,
      "transform_matrix": [
        [
          0.24174217600311473,
          -0.16663574781639945,
          0.9559253359462476,
          4.221627959197299
        ],
        [
          0.969879830525801,
          0.011141284637531952,
          -0.24332896686571442,
          -1.1819537144575498
        ],
        [
          0.02989706809905472,
          0.9859555767575737,
          0.16430996924345664,
          0.11297893062023869
        ],
        [
          0.0,
          0.0,
          0.0,
          1.0
        ]
      ]
    },
    {
      "file_path": "images/0298.jpg",
      "sharpness": 269.9864580260435,
      "transform_matrix": [
        [
          0.22330453381950088,
          -0.15786016622929772,
          0.9618811013356651,
          4.213748881754801
        ],
        [
          0.9743832095376498,
          0.009128856657179833,
          -0.2247087558314277,
          -1.1112959135255067
        ],
        [
          0.026691686853384307,
          0.9874192786791516,
          0.15585481050878663,
          0.06974988438425647
        ],
        [
          0.0,
          0.0,
          0.0,
          1.0
        ]
      ]
    },
    {
      "file_path": "images/0296.jpg",
      "sharpness": 268.4732792959027,
      "transform_matrix": [
        [
          0.19327658584471225,
          -0.14837126819171192,
          0.9698608808238391,
          4.189388419118961
        ],
        [
          0.9807290705650848,
          0.00045935842644927356,
          -0.1953721554839578,
          -0.9891612259836415
        ],
        [
          0.028542100710413215,
          0.9889316234088597,
          0.14560079918056373,
          0.02572071208863639
        ],
        [
          0.0,
          0.0,
          0.0,
          1.0
        ]
      ]
    },
    {
      "file_path": "images/0295.jpg",
      "sharpness": 316.5402524132544,
      "transform_matrix": [
        [
          0.18049259691097685,
          -0.14484819205789462,
          0.9728522106316503,
          4.174509838400854
        ],
        [
          0.983221095935565,
          -1.0296484536685313e-05,
          -0.1824178620676052,
          -0.9456390379865703
        ],
        [
          0.02643291447730225,
          0.9894538903681189,
          0.1424159397002153,
          0.019560373573498133
        ],
        [
          0.0,
          0.0,
          0.0,
          1.0
        ]
      ]
    },
    {
      "file_path": "images/0297.jpg",
      "sharpness": 309.40297050030114,
      "transform_matrix": [
        [
          0.20900694839409653,
          -0.15308324408501656,
          0.965857968811353,
          4.202929253572958
        ],
        [
          0.9775620097874355,
          0.0062030279726160995,
          -0.21055649945890456,
          -1.051283694207528
        ],
        [
          0.026241428002243144,
          0.9881938285768856,
          0.15094483969988906,
          0.04974875543892286
        ],
        [
          0.0,
          0.0,
          0.0,
          1.0
        ]
      ]
    },
    {
      "file_path": "images/0293.jpg",
      "sharpness": 324.45304579694397,
      "transform_matrix": [
        [
          0.16548625783281806,
          -0.14073218625407807,
          0.9761192295173965,
          4.1340774184303575
        ],
        [
          0.9859634117290076,
          0.0013829935347481554,
          -0.1669557967266942,
          -0.9094793420246168
        ],
        [
          0.022146087697573216,
          0.9900467358130596,
          0.13898565292382545,
          0.01796082747033397
        ],
        [
          0.0,
          0.0,
          0.0,
          1.0
        ]
      ]
    },
    {
      "file_path": "images/0292.jpg",
      "sharpness": 299.425619313154,
      "transform_matrix": [
        [
          0.16293595059798494,
          -0.14133259041044782,
          0.9764614559231724,
          4.099541957602213
        ],
        [
          0.9863803557118878,
          0.0007773715849574039,
          -0.16447853829352846,
          -0.8931746361280004
        ],
        [
          0.022487104494307613,
          0.9899618652222697,
          0.139534352580903,
          0.03312771484135842
        ],
        [
          0.0,
          0.0,
          0.0,
          1.0
        ]
      ]
    },
    {
      "file_path": "images/0294.jpg",
      "sharpness": 247.52605824213126,
      "transform_matrix": [
        [
          0.1612354106256077,
          -0.14602345718123924,
          0.976053426983497,
          4.151012048025465
        ],
        [
          0.9866302564116494,
          5.3249031110681805e-05,
          -0.1629746431126345,
          -0.882777741228974
        ],
        [
          0.023746146920886394,
          0.9892811264400242,
          0.14407974663023812,
          0.026065654198917133
        ],
        [
          0.0,
          0.0,
          0.0,
          1.0
        ]
      ]
    },
    {
      "file_path": "images/0291.jpg",
      "sharpness": 291.9957897060904,
      "transform_matrix": [
        [
          0.14684971390195728,
          -0.13821466520106485,
          0.9794548830156848,
          4.098965737688228
        ],
        [
          0.9888640617554713,
          -0.003658033673014133,
          -0.14877663176112563,
          -0.8175272131937313
        ],
        [
          0.02414599129187559,
          0.9903955397345382,
          0.1361383340265717,
          0.03736683936740231
        ],
        [
          0.0,
          0.0,
          0.0,
          1.0
        ]
      ]
    },
    {
      "file_path": "images/0290.jpg",
      "sharpness": 330.1604637318367,
      "transform_matrix": [
        [
          0.13277445544595257,
          -0.13542674342417463,
          0.981850569669108,
          4.083822562966952
        ],
        [
          0.9908848112273277,
          -0.0046156645388893535,
          -0.13463278397149148,
          -0.7486262960490403
        ],
        [
          0.02276477234829952,
          0.9907766109570055,
          0.13357946074732285,
          0.038938255692532536
        ],
        [
          0.0,
          0.0,
          0.0,
          1.0
        ]
      ]
    },
    {
      "file_path": "images/0287.jpg",
      "sharpness": 278.4873353790349,
      "transform_matrix": [
        [
          0.11315864664056732,
          -0.13243065842578272,
          0.9847117554961894,
          4.029584110584273
        ],
        [
          0.9932841091236615,
          -0.008981732930536713,
          -0.11535166681086997,
          -0.6440704525724193
        ],
        [
          0.024120515187701783,
          0.9911515773056806,
          0.13052490783220697,
          0.08424320764675629
        ],
        [
          0.0,
          0.0,
          0.0,
          1.0
        ]
      ]
    },
    {
      "file_path": "images/0288.jpg",
      "sharpness": 245.9454306002036,
      "transform_matrix": [
        [
          0.11762057725391238,
          -0.1326912974263073,
          0.9841536564006547,
          4.049001930080677
        ],
        [
          0.992797499248028,
          -0.007012510328300559,
          -0.11959912284722131,
          -0.66920785487359
        ],
        [
          0.0227711504617905,
          0.9911326068187244,
          0.13091077274400045,
          0.05981960459409076
        ],
        [
          0.0,
          0.0,
          0.0,
          1.0
        ]
      ]
    },
    {
      "file_path": "images/0289.jpg",
      "sharpness": 343.57012892585044,
      "transform_matrix": [
        [
          0.12440589002422699,
          -0.13319492678787123,
          0.9832508764390967,
          4.069194699778384
        ],
        [
          0.9919937390197288,
          -0.004992235178160226,
          -0.12618834864460043,
          -0.7060290745841568
        ],
        [
          0.02171626747351604,
          0.9910772871370638,
          0.13150746998221013,
          0.044511104685452316
        ],
        [
          0.0,
          0.0,
          0.0,
          1.0
        ]
      ]
    },
    {
      "file_path": "images/0286.jpg",
      "sharpness": 232.01893757014116,
      "transform_matrix": [
        [
          0.10911690460534568,
          -0.12969371658602388,
          0.9855318569282528,
          4.008750038314776
        ],
        [
          0.9937730247840133,
          -0.008262262328689336,
          -0.11111665146552883,
          -0.6303219005706909
        ],
        [
          0.022553854238379852,
          0.9915196795386247,
          0.1279845645368296,
          0.09913981434641513
        ],
        [
          0.0,
          0.0,
          0.0,
          1.0
        ]
      ]
    },
    {
      "file_path": "images/0283.jpg",
      "sharpness": 417.69799489582823,
      "transform_matrix": [
        [
          0.07634289132471316,
          -0.13378027100361936,
          0.9880660919429324,
          3.97386651007466
        ],
        [
          0.9967861496701346,
          -0.0138830019412631,
          -0.07889635025116054,
          -0.5076617602181552
        ],
        [
          0.024272098590336716,
          0.9909137709005537,
          0.13229045272706227,
          0.15714789681622046
        ],
        [
          0.0,
          0.0,
          0.0,
          1.0
        ]
      ]
    },
    {
      "file_path": "images/0282.jpg",
      "sharpness": 294.07120169272025,
      "transform_matrix": [
        [
          0.06958914172157886,
          -0.1343981965850502,
          0.9884808931497553,
          3.963441238558712
        ],
        [
          0.9972758752178964,
          -0.014921068958314106,
          -0.07223704319521242,
          -0.4835371989048241
        ],
        [
          0.024457719902736364,
          0.9908150616885496,
          0.13299373474468526,
          0.17300624351976587
        ],
        [
          0.0,
          0.0,
          0.0,
          1.0
        ]
      ]
    },
    {
      "file_path": "images/0285.jpg",
      "sharpness": 313.30275339928306,
      "transform_matrix": [
        [
          0.09411530011063612,
          -0.12730616576938458,
          0.9873881964329839,
          4.01085664437804
        ],
        [
          0.995309866128617,
          -0.010257078687908419,
          -0.09619284133391347,
          -0.5741460454736184
        ],
        [
          0.0223736602310084,
          0.9918104317393259,
          0.12574373477030282,
          0.11070414537761225
        ],
        [
          0.0,
          0.0,
          0.0,
          1.0
        ]
      ]
    },
    {
      "file_path": "images/0284.jpg",
      "sharpness": 365.53693128835323,
      "transform_matrix": [
        [
          0.08574117698948437,
          -0.13014482706197697,
          0.9877807320303753,
          3.99138182806208
        ],
        [
          0.9960489792690334,
          -0.011817095192350247,
          -0.08801583470261892,
          -0.5422723406690196
        ],
        [
          0.02312750452566025,
          0.9914245711415884,
          0.12861741050183814,
          0.1367352161023564
        ],
        [
          0.0,
          0.0,
          0.0,
          1.0
        ]
      ]
    },
    {
      "file_path": "images/0279.jpg",
      "sharpness": 319.40869123889377,
      "transform_matrix": [
        [
          0.04913274286381137,
          -0.12572591069372227,
          0.9908476012848348,
          3.9442943679080034
        ],
        [
          0.9982390304316203,
          -0.026832888398776185,
          -0.05290400951897759,
          -0.3936648229256824
        ],
        [
          0.033238707881593874,
          0.9917020679082308,
          0.12418613778504342,
          0.18186337651612738
        ],
        [
          0.0,
          0.0,
          0.0,
          1.0
        ]
      ]
    },
    {
      "file_path": "images/0281.jpg",
      "sharpness": 366.8217277087157,
      "transform_matrix": [
        [
          0.06803092108127991,
          -0.12941978646650978,
          0.9892534117508991,
          3.9567681957753407
        ],
        [
          0.9973542229840201,
          -0.016639722992003943,
          -0.07076491725959741,
          -0.4725981818254897
        ],
        [
          0.025619283221487106,
          0.9914502703125198,
          0.1279453548883803,
          0.16514626029107055
        ],
        [
          0.0,
          0.0,
          0.0,
          1.0
        ]
      ]
    },
    {
      "file_path": "images/0280.jpg",
      "sharpness": 299.04503490208384,
      "transform_matrix": [
        [
          0.06036766945856222,
          -0.13159950505115867,
          0.9894631447241629,
          3.9435024371876315
        ],
        [
          0.9977326040058613,
          -0.021594416988223005,
          -0.06374427079109708,
          -0.438798101547681
        ],
        [
          0.02975559422760743,
          0.9910677330224616,
          0.12999751223367964,
          0.18591239593962391
        ],
        [
          0.0,
          0.0,
          0.0,
          1.0
        ]
      ]
    },
    {
      "file_path": "images/0278.jpg",
      "sharpness": 297.39259338684815,
      "transform_matrix": [
        [
          0.04144295275197102,
          -0.12457270780318096,
          0.9913446031278826,
          3.9385786890783265
        ],
        [
          0.9985939749535493,
          -0.027659827874711045,
          -0.045221754814228944,
          -0.36037658127689026
        ],
        [
          0.03305381753586099,
          0.9918248708343486,
          0.12325125051616623,
          0.19512115581361297
        ],
        [
          0.0,
          0.0,
          0.0,
          1.0
        ]
      ]
    },
    {
      "file_path": "images/0276.jpg",
      "sharpness": 257.0906747318486,
      "transform_matrix": [
        [
          0.041222152617255814,
          -0.1287707169096872,
          0.9908172569213574,
          3.9145799447336063
        ],
        [
          0.9987324565049616,
          -0.023355757753911858,
          -0.04458686918109829,
          -0.33990559111748575
        ],
        [
          0.028882770940259126,
          0.9913993196786838,
          0.1276447198144935,
          0.243833570485653
        ],
        [
          0.0,
          0.0,
          0.0,
          1.0
        ]
      ]
    },
    {
      "file_path": "images/0275.jpg",
      "sharpness": 224.89875203039077,
      "transform_matrix": [
        [
          0.033896263289860507,
          -0.12380793399827424,
          0.9917270989677862,
          3.9267618547306093
        ],
        [
          0.9990371086628013,
          -0.02345888742920362,
          -0.037074736888086254,
          -0.2949514881782367
        ],
        [
          0.027854960952819533,
          0.9920288685782861,
          0.12289355178636335,
          0.24906403978705627
        ],
        [
          0.0,
          0.0,
          0.0,
          1.0
        ]
      ]
    },
    {
      "file_path": "images/0277.jpg",
      "sharpness": 303.9284174822295,
      "transform_matrix": [
        [
          0.04030191331257047,
          -0.12785876340811828,
          0.9909732046912728,
          3.9221031901190577
        ],
        [
          0.9987042174590341,
          -0.025689722793481168,
          -0.043930902248865276,
          -0.3470459024681024
        ],
        [
          0.031074777761229307,
          0.9914596183282455,
          0.12665774127373775,
          0.2221112001202225
        ],
        [
          0.0,
          0.0,
          0.0,
          1.0
        ]
      ]
    },
    {
      "file_path": "images/0274.jpg",
      "sharpness": 170.30065632726587,
      "transform_matrix": [
        [
          0.024762719111836584,
          -0.1248431533762511,
          0.9918674280418023,
          3.9281511393919355
        ],
        [
          0.9992988586691475,
          -0.024779528762805828,
          -0.028067169734389722,
